tm,MVm,PVm
0.000000000000000000e+00,0.000000000000000000e+00,0.000000000000000000e+00
1.000000000000000000e+00,1.000000000000000000e+00,0.000000000000000000e+00
2.000000000000000000e+00,1.000000000000000000e+00,0.000000000000000000e+00
3.000000000000000000e+00,1.000000000000000000e+00,0.000000000000000000e+00
4.000000000000000000e+00,1.000000000000000000e+00,0.000000000000000000e+00
5.000000000000000000e+00,1.000000000000000000e+00,-1.600000000000001378e-03
6.000000000000000000e+00,1.000000000000000000e+00,-2.425000000000032598e-03
7.000000000000000000e+00,1.000000000000000000e+00,-3.225000000000122300e-03
8.000000000000000000e+00,1.000000000000000000e+00,-8.000000000000894850e-04
9.000000000000000000e+00,1.000000000000000000e+00,-8.000000000000894850e-04
1.000000000000000000e+01,1.000000000000000000e+00,-8.000000000000894850e-04
1.100000000000000000e+01,1.000000000000000000e+00,-3.225000000000122300e-03
1.200000000000000000e+01,1.000000000000000000e+00,-3.225000000000122300e-03
1.300000000000000000e+01,1.000000000000000000e+00,-3.225000000000122300e-03
1.400000000000000000e+01,1.000000000000000000e+00,-2.425000000000032598e-03
1.500000000000000000e+01,1.000000000000000000e+00,-7.249999999999978684e-03
1.600000000000000000e+01,1.000000000000000000e+00,-3.225000000000122300e-03
1.700000000000000000e+01,1.000000000000000000e+00,-8.000000000000894850e-04
1.800000000000000000e+01,1.000000000000000000e+00,-8.000000000000894850e-04
1.900000000000000000e+01,1.000000000000000000e+00,-8.000000000000894850e-04
2.000000000000000000e+01,1.000000000000000000e+00,-1.600000000000001378e-03
2.100000000000000000e+01,1.000000000000000000e+00,-3.225000000000122300e-03
2.200000000000000000e+01,1.000000000000000000e+00,0.000000000000000000e+00
2.300000000000000000e+01,1.000000000000000000e+00,0.000000000000000000e+00
2.400000000000000000e+01,1.000000000000000000e+00,0.000000000000000000e+00
2.500000000000000000e+01,1.000000000000000000e+00,0.000000000000000000e+00
2.600000000000000000e+01,1.000000000000000000e+00,0.000000000000000000e+00
2.700000000000000000e+01,1.000000000000000000e+00,0.000000000000000000e+00
2.800000000000000000e+01,1.000000000000000000e+00,2.424999999999855223e-03
2.900000000000000000e+01,1.000000000000000000e+00,0.000000000000000000e+00
3.000000000000000000e+01,1.000000000000000000e+00,1.600000000000001378e-03
3.100000000000000000e+01,1.000000000000000000e+00,2.424999999999855223e-03
3.200000000000000000e+01,1.000000000000000000e+00,4.024999999999856817e-03
3.300000000000000000e+01,1.000000000000000000e+00,1.600000000000001378e-03
3.400000000000000000e+01,1.000000000000000000e+00,4.824999999999945652e-03
3.500000000000000000e+01,1.000000000000000000e+00,7.249999999999978684e-03
3.600000000000000000e+01,1.000000000000000000e+00,8.049999999999890576e-03
3.700000000000000000e+01,1.000000000000000000e+00,8.849999999999979411e-03
3.800000000000000000e+01,1.000000000000000000e+00,8.849999999999979411e-03
3.900000000000000000e+01,1.000000000000000000e+00,1.369999999999986853e-02
4.000000000000000000e+01,1.000000000000000000e+00,1.449999999999995737e-02
4.100000000000000000e+01,1.000000000000000000e+00,1.609999999999995809e-02
4.200000000000000000e+01,1.000000000000000000e+00,1.609999999999995809e-02
4.300000000000000000e+01,1.000000000000000000e+00,1.609999999999995809e-02
4.400000000000000000e+01,1.000000000000000000e+00,1.609999999999995809e-02
4.500000000000000000e+01,1.000000000000000000e+00,1.609999999999995809e-02
4.600000000000000000e+01,1.000000000000000000e+00,1.852499999999999286e-02
4.700000000000000000e+01,1.000000000000000000e+00,2.014999999999993532e-02
4.800000000000000000e+01,1.000000000000000000e+00,2.255000000000002489e-02
4.900000000000000000e+01,1.000000000000000000e+00,2.417499999999996735e-02
5.000000000000000000e+01,1.000000000000000000e+00,2.417499999999996735e-02
5.100000000000000000e+01,1.000000000000000000e+00,2.417499999999996735e-02
5.200000000000000000e+01,1.000000000000000000e+00,2.417499999999996735e-02
5.300000000000000000e+01,1.000000000000000000e+00,2.980000000000000357e-02
5.400000000000000000e+01,1.000000000000000000e+00,3.142499999999994603e-02
5.500000000000000000e+01,1.000000000000000000e+00,3.222499999999985792e-02
5.600000000000000000e+01,1.000000000000000000e+00,3.302499999999995023e-02
5.700000000000000000e+01,1.000000000000000000e+00,3.787500000000001282e-02
5.800000000000000000e+01,1.000000000000000000e+00,3.867499999999992472e-02
5.900000000000000000e+01,1.000000000000000000e+00,4.027499999999992891e-02
6.000000000000000000e+01,1.000000000000000000e+00,4.027499999999992891e-02
6.100000000000000000e+01,1.000000000000000000e+00,4.189999999999986791e-02
6.200000000000000000e+01,1.000000000000000000e+00,4.592499999999990340e-02
6.300000000000000000e+01,1.000000000000000000e+00,4.752499999999990760e-02
6.400000000000000000e+01,1.000000000000000000e+00,4.834999999999993470e-02
6.500000000000000000e+01,1.000000000000000000e+00,4.834999999999993470e-02
6.600000000000000000e+01,1.000000000000000000e+00,4.915000000000002700e-02
6.700000000000000000e+01,1.000000000000000000e+00,5.317499999999988208e-02
6.800000000000000000e+01,1.000000000000000000e+00,5.640000000000000568e-02
6.900000000000000000e+01,1.000000000000000000e+00,5.640000000000000568e-02
7.000000000000000000e+01,1.000000000000000000e+00,5.640000000000000568e-02
7.100000000000000000e+01,1.000000000000000000e+00,5.962499999999994887e-02
7.200000000000000000e+01,1.000000000000000000e+00,6.444999999999989626e-02
7.300000000000000000e+01,1.000000000000000000e+00,6.444999999999989626e-02
7.400000000000000000e+01,1.000000000000000000e+00,6.444999999999989626e-02
7.500000000000000000e+01,1.000000000000000000e+00,6.444999999999989626e-02
7.600000000000000000e+01,1.000000000000000000e+00,6.607500000000002260e-02
7.700000000000000000e+01,1.000000000000000000e+00,7.009999999999987075e-02
7.800000000000000000e+01,1.000000000000000000e+00,7.249999999999996725e-02
7.900000000000000000e+01,1.000000000000000000e+00,7.249999999999996725e-02
8.000000000000000000e+01,1.000000000000000000e+00,7.249999999999996725e-02
8.100000000000000000e+01,1.000000000000000000e+00,7.249999999999996725e-02
8.200000000000000000e+01,1.000000000000000000e+00,7.894999999999985363e-02
8.300000000000000000e+01,1.000000000000000000e+00,8.057499999999997997e-02
8.400000000000000000e+01,1.000000000000000000e+00,8.057499999999997997e-02
8.500000000000000000e+01,1.000000000000000000e+00,8.057499999999997997e-02
8.600000000000000000e+01,1.000000000000000000e+00,8.297499999999988218e-02
8.700000000000000000e+01,1.000000000000000000e+00,8.782499999999995866e-02
8.800000000000000000e+01,1.000000000000000000e+00,8.862499999999987055e-02
8.900000000000000000e+01,1.000000000000000000e+00,8.862499999999987055e-02
9.000000000000000000e+01,1.000000000000000000e+00,8.862499999999987055e-02
9.100000000000000000e+01,1.000000000000000000e+00,9.104999999999989491e-02
9.200000000000000000e+01,1.000000000000000000e+00,9.424999999999990330e-02
9.300000000000000000e+01,1.000000000000000000e+00,9.667499999999992766e-02
9.400000000000000000e+01,1.000000000000000000e+00,9.667499999999992766e-02
9.500000000000000000e+01,1.000000000000000000e+00,9.667499999999992766e-02
9.600000000000000000e+01,1.000000000000000000e+00,9.989999999999987779e-02
9.700000000000000000e+01,1.000000000000000000e+00,1.015250000000000041e-01
9.800000000000000000e+01,1.000000000000000000e+00,1.047249999999999986e-01
9.900000000000000000e+01,1.000000000000000000e+00,1.047249999999999986e-01
1.000000000000000000e+02,1.000000000000000000e+00,1.095749999999998947e-01
1.010000000000000000e+02,1.000000000000000000e+00,1.119749999999999773e-01
1.020000000000000000e+02,1.000000000000000000e+00,1.128000000000000114e-01
1.030000000000000000e+02,1.000000000000000000e+00,1.128000000000000114e-01
1.040000000000000000e+02,1.000000000000000000e+00,1.128000000000000114e-01
1.050000000000000000e+02,1.000000000000000000e+00,1.135999999999999233e-01
1.060000000000000000e+02,1.000000000000000000e+00,1.168249999999998734e-01
1.070000000000000000e+02,1.000000000000000000e+00,1.208499999999999019e-01
1.080000000000000000e+02,1.000000000000000000e+00,1.208499999999999019e-01
1.090000000000000000e+02,1.000000000000000000e+00,1.208499999999999019e-01
1.100000000000000000e+02,1.000000000000000000e+00,1.216499999999999942e-01
1.110000000000000000e+02,1.000000000000000000e+00,1.216499999999999942e-01
1.120000000000000000e+02,1.000000000000000000e+00,1.256750000000000367e-01
1.130000000000000000e+02,1.000000000000000000e+00,1.280999999999998806e-01
1.140000000000000000e+02,1.000000000000000000e+00,1.288999999999999591e-01
1.150000000000000000e+02,1.000000000000000000e+00,1.305249999999999189e-01
1.160000000000000000e+02,1.000000000000000000e+00,1.345499999999999474e-01
1.170000000000000000e+02,1.000000000000000000e+00,1.369499999999998496e-01
1.180000000000000000e+02,1.000000000000000000e+00,1.369499999999998496e-01
1.190000000000000000e+02,1.000000000000000000e+00,1.369499999999998496e-01
1.200000000000000000e+02,1.000000000000000000e+00,1.369499999999998496e-01
1.210000000000000000e+02,1.000000000000000000e+00,1.385749999999999760e-01
1.220000000000000000e+02,1.000000000000000000e+00,1.417999999999999261e-01
1.230000000000000000e+02,1.000000000000000000e+00,1.442249999999999643e-01
1.240000000000000000e+02,1.000000000000000000e+00,1.450249999999998762e-01
1.250000000000000000e+02,1.000000000000000000e+00,1.450249999999998762e-01
1.260000000000000000e+02,1.000000000000000000e+00,1.450249999999998762e-01
1.270000000000000000e+02,1.000000000000000000e+00,1.450249999999998762e-01
1.280000000000000000e+02,1.000000000000000000e+00,1.450249999999998762e-01
1.290000000000000000e+02,1.000000000000000000e+00,1.482499999999999929e-01
1.300000000000000000e+02,1.000000000000000000e+00,1.482499999999999929e-01
1.310000000000000000e+02,1.000000000000000000e+00,1.522750000000000214e-01
1.320000000000000000e+02,1.000000000000000000e+00,1.514749999999999430e-01
1.330000000000000000e+02,1.000000000000000000e+00,1.522750000000000214e-01
1.340000000000000000e+02,1.000000000000000000e+00,1.530749999999999333e-01
1.350000000000000000e+02,1.000000000000000000e+00,1.530749999999999333e-01
1.360000000000000000e+02,1.000000000000000000e+00,1.546749999999999514e-01
1.370000000000000000e+02,1.000000000000000000e+00,1.587249999999999217e-01
1.380000000000000000e+02,1.000000000000000000e+00,1.578999999999998738e-01
1.390000000000000000e+02,1.000000000000000000e+00,1.611250000000000182e-01
1.400000000000000000e+02,1.000000000000000000e+00,1.611250000000000182e-01
1.410000000000000000e+02,1.000000000000000000e+00,1.619249999999999301e-01
1.420000000000000000e+02,1.000000000000000000e+00,1.611250000000000182e-01
1.430000000000000000e+02,1.000000000000000000e+00,1.611250000000000182e-01
1.440000000000000000e+02,1.000000000000000000e+00,1.619249999999999301e-01
1.450000000000000000e+02,1.000000000000000000e+00,1.643499999999999406e-01
1.460000000000000000e+02,1.000000000000000000e+00,1.627499999999999503e-01
1.470000000000000000e+02,1.000000000000000000e+00,1.643499999999999406e-01
1.480000000000000000e+02,1.000000000000000000e+00,1.643499999999999406e-01
1.490000000000000000e+02,1.000000000000000000e+00,1.627499999999999503e-01
1.500000000000000000e+02,1.000000000000000000e+00,1.643499999999999406e-01
1.510000000000000000e+02,1.000000000000000000e+00,1.659749999999999004e-01
1.520000000000000000e+02,1.000000000000000000e+00,1.643499999999999406e-01
1.530000000000000000e+02,1.000000000000000000e+00,1.683749999999999969e-01
1.540000000000000000e+02,1.000000000000000000e+00,1.683749999999999969e-01
1.550000000000000000e+02,1.000000000000000000e+00,1.692000000000000171e-01
1.560000000000000000e+02,1.000000000000000000e+00,1.692000000000000171e-01
1.570000000000000000e+02,1.000000000000000000e+00,1.692000000000000171e-01
1.580000000000000000e+02,1.000000000000000000e+00,1.692000000000000171e-01
1.590000000000000000e+02,1.000000000000000000e+00,1.692000000000000171e-01
1.600000000000000000e+02,1.000000000000000000e+00,1.715999999999999193e-01
1.610000000000000000e+02,1.000000000000000000e+00,1.748249999999998694e-01
1.620000000000000000e+02,1.000000000000000000e+00,1.732249999999998791e-01
1.630000000000000000e+02,1.000000000000000000e+00,1.772499999999999076e-01
1.640000000000000000e+02,1.000000000000000000e+00,1.772499999999999076e-01
1.650000000000000000e+02,1.000000000000000000e+00,1.772499999999999076e-01
1.660000000000000000e+02,1.000000000000000000e+00,1.772499999999999076e-01
1.670000000000000000e+02,1.000000000000000000e+00,1.772499999999999076e-01
1.680000000000000000e+02,1.000000000000000000e+00,1.780499999999999861e-01
1.690000000000000000e+02,1.000000000000000000e+00,1.820749999999998481e-01
1.700000000000000000e+02,1.000000000000000000e+00,1.844999999999998863e-01
1.710000000000000000e+02,1.000000000000000000e+00,1.852999999999999647e-01
1.720000000000000000e+02,1.000000000000000000e+00,1.860999999999998766e-01
1.730000000000000000e+02,1.000000000000000000e+00,1.893250000000000210e-01
1.740000000000000000e+02,1.000000000000000000e+00,1.925499999999999434e-01
1.750000000000000000e+02,1.000000000000000000e+00,1.933499999999998553e-01
1.760000000000000000e+02,1.000000000000000000e+00,1.933499999999998553e-01
1.770000000000000000e+02,1.000000000000000000e+00,1.941749999999999032e-01
1.780000000000000000e+02,1.000000000000000000e+00,1.933499999999998553e-01
1.790000000000000000e+02,1.000000000000000000e+00,1.981999999999999318e-01
1.800000000000000000e+02,1.000000000000000000e+00,1.981999999999999318e-01
1.810000000000000000e+02,1.000000000000000000e+00,2.014249999999998819e-01
1.820000000000000000e+02,1.000000000000000000e+00,2.014249999999998819e-01
1.830000000000000000e+02,1.000000000000000000e+00,2.014249999999998819e-01
1.840000000000000000e+02,1.000000000000000000e+00,2.014249999999998819e-01
1.850000000000000000e+02,1.000000000000000000e+00,2.046499999999999986e-01
1.860000000000000000e+02,1.000000000000000000e+00,2.062499999999999889e-01
1.870000000000000000e+02,1.000000000000000000e+00,2.062499999999999889e-01
1.880000000000000000e+02,1.000000000000000000e+00,2.054499999999999105e-01
1.890000000000000000e+02,1.000000000000000000e+00,2.062499999999999889e-01
1.900000000000000000e+02,1.000000000000000000e+00,2.086749999999998606e-01
1.910000000000000000e+02,1.000000000000000000e+00,2.094749999999999390e-01
1.920000000000000000e+02,1.000000000000000000e+00,2.094749999999999390e-01
1.930000000000000000e+02,1.000000000000000000e+00,2.094749999999999390e-01
1.940000000000000000e+02,1.000000000000000000e+00,2.094749999999999390e-01
1.950000000000000000e+02,1.000000000000000000e+00,2.126999999999998892e-01
1.960000000000000000e+02,1.000000000000000000e+00,2.126999999999998892e-01
1.970000000000000000e+02,1.000000000000000000e+00,2.126999999999998892e-01
1.980000000000000000e+02,1.000000000000000000e+00,2.150999999999999857e-01
1.990000000000000000e+02,1.000000000000000000e+00,2.167249999999999177e-01
2.000000000000000000e+02,1.000000000000000000e+00,2.175250000000000239e-01
2.010000000000000000e+02,1.000000000000000000e+00,2.175250000000000239e-01
2.020000000000000000e+02,1.000000000000000000e+00,2.175250000000000239e-01
2.030000000000000000e+02,1.000000000000000000e+00,2.175250000000000239e-01
2.040000000000000000e+02,1.000000000000000000e+00,2.183249999999999358e-01
2.050000000000000000e+02,1.000000000000000000e+00,2.191499999999999559e-01
2.060000000000000000e+02,1.000000000000000000e+00,2.183249999999999358e-01
2.070000000000000000e+02,1.000000000000000000e+00,2.215499999999998582e-01
2.080000000000000000e+02,1.000000000000000000e+00,2.215499999999998582e-01
2.090000000000000000e+02,1.000000000000000000e+00,2.239749999999998964e-01
2.100000000000000000e+02,1.000000000000000000e+00,2.231749999999999845e-01
2.110000000000000000e+02,1.000000000000000000e+00,2.255749999999999145e-01
2.120000000000000000e+02,1.000000000000000000e+00,2.255749999999999145e-01
2.130000000000000000e+02,1.000000000000000000e+00,2.272000000000000131e-01
2.140000000000000000e+02,1.000000000000000000e+00,2.328249999999998932e-01
2.150000000000000000e+02,1.000000000000000000e+00,2.320249999999999813e-01
2.160000000000000000e+02,1.000000000000000000e+00,2.336499999999999133e-01
2.170000000000000000e+02,1.000000000000000000e+00,2.336499999999999133e-01
2.180000000000000000e+02,1.000000000000000000e+00,2.336499999999999133e-01
2.190000000000000000e+02,1.000000000000000000e+00,2.376749999999999419e-01
2.200000000000000000e+02,1.000000000000000000e+00,2.384749999999998538e-01
2.210000000000000000e+02,1.000000000000000000e+00,2.416999999999999704e-01
2.220000000000000000e+02,1.000000000000000000e+00,2.416999999999999704e-01
2.230000000000000000e+02,1.000000000000000000e+00,2.432999999999999885e-01
2.240000000000000000e+02,1.000000000000000000e+00,2.465249999999999386e-01
2.250000000000000000e+02,1.000000000000000000e+00,2.481499999999998707e-01
2.260000000000000000e+02,1.000000000000000000e+00,2.497499999999998610e-01
2.270000000000000000e+02,1.000000000000000000e+00,2.489499999999999491e-01
2.280000000000000000e+02,1.000000000000000000e+00,2.497499999999998610e-01
2.290000000000000000e+02,1.000000000000000000e+00,2.497499999999998610e-01
2.300000000000000000e+02,1.000000000000000000e+00,2.497499999999998610e-01
2.310000000000000000e+02,1.000000000000000000e+00,2.497499999999998610e-01
2.320000000000000000e+02,1.000000000000000000e+00,2.497499999999998610e-01
2.330000000000000000e+02,1.000000000000000000e+00,2.497499999999998610e-01
2.340000000000000000e+02,1.000000000000000000e+00,2.505499999999999394e-01
2.350000000000000000e+02,1.000000000000000000e+00,2.521749999999999270e-01
2.360000000000000000e+02,1.000000000000000000e+00,2.521749999999999270e-01
2.370000000000000000e+02,1.000000000000000000e+00,2.505499999999999394e-01
2.380000000000000000e+02,1.000000000000000000e+00,2.521749999999999270e-01
2.390000000000000000e+02,1.000000000000000000e+00,2.505499999999999394e-01
2.400000000000000000e+02,1.000000000000000000e+00,2.521749999999999270e-01
2.410000000000000000e+02,1.000000000000000000e+00,2.529750000000000054e-01
2.420000000000000000e+02,1.000000000000000000e+00,2.521749999999999270e-01
2.430000000000000000e+02,1.000000000000000000e+00,2.554000000000000159e-01
2.440000000000000000e+02,1.000000000000000000e+00,2.569999999999998397e-01
2.450000000000000000e+02,1.000000000000000000e+00,2.545999999999999375e-01
2.460000000000000000e+02,1.000000000000000000e+00,2.569999999999998397e-01
2.470000000000000000e+02,1.000000000000000000e+00,2.577999999999999181e-01
2.480000000000000000e+02,1.000000000000000000e+00,2.577999999999999181e-01
2.490000000000000000e+02,1.000000000000000000e+00,2.577999999999999181e-01
2.500000000000000000e+02,1.000000000000000000e+00,2.577999999999999181e-01
2.510000000000000000e+02,1.000000000000000000e+00,2.577999999999999181e-01
2.520000000000000000e+02,1.000000000000000000e+00,2.577999999999999181e-01
2.530000000000000000e+02,1.000000000000000000e+00,2.577999999999999181e-01
2.540000000000000000e+02,1.000000000000000000e+00,2.594249999999999057e-01
2.550000000000000000e+02,1.000000000000000000e+00,2.577999999999999181e-01
2.560000000000000000e+02,1.000000000000000000e+00,2.594249999999999057e-01
2.570000000000000000e+02,1.000000000000000000e+00,2.577999999999999181e-01
2.580000000000000000e+02,1.000000000000000000e+00,2.610249999999998960e-01
2.590000000000000000e+02,1.000000000000000000e+00,2.610249999999998960e-01
2.600000000000000000e+02,1.000000000000000000e+00,2.634499999999999065e-01
2.610000000000000000e+02,1.000000000000000000e+00,2.642499999999999849e-01
2.620000000000000000e+02,1.000000000000000000e+00,2.618499999999999162e-01
2.630000000000000000e+02,1.000000000000000000e+00,2.650499999999998968e-01
2.640000000000000000e+02,1.000000000000000000e+00,2.658749999999999725e-01
2.650000000000000000e+02,1.000000000000000000e+00,2.658749999999999725e-01
2.660000000000000000e+02,1.000000000000000000e+00,2.658749999999999725e-01
2.670000000000000000e+02,1.000000000000000000e+00,2.658749999999999725e-01
2.680000000000000000e+02,1.000000000000000000e+00,2.658749999999999725e-01
2.690000000000000000e+02,1.000000000000000000e+00,2.658749999999999725e-01
2.700000000000000000e+02,1.000000000000000000e+00,2.658749999999999725e-01
2.710000000000000000e+02,1.000000000000000000e+00,2.658749999999999725e-01
2.720000000000000000e+02,1.000000000000000000e+00,2.682749999999998747e-01
2.730000000000000000e+02,1.000000000000000000e+00,2.698999999999999733e-01
2.740000000000000000e+02,1.000000000000000000e+00,2.739250000000000296e-01
2.750000000000000000e+02,1.000000000000000000e+00,2.731249999999999512e-01
2.760000000000000000e+02,1.000000000000000000e+00,2.739250000000000296e-01
2.770000000000000000e+02,1.000000000000000000e+00,2.739250000000000296e-01
2.780000000000000000e+02,1.000000000000000000e+00,2.739250000000000296e-01
2.790000000000000000e+02,1.000000000000000000e+00,2.739250000000000296e-01
2.800000000000000000e+02,1.000000000000000000e+00,2.739250000000000296e-01
2.810000000000000000e+02,1.000000000000000000e+00,2.739250000000000296e-01
2.820000000000000000e+02,1.000000000000000000e+00,2.731249999999999512e-01
2.830000000000000000e+02,1.000000000000000000e+00,2.739250000000000296e-01
2.840000000000000000e+02,1.000000000000000000e+00,2.723250000000000393e-01
2.850000000000000000e+02,1.000000000000000000e+00,2.731249999999999512e-01
2.860000000000000000e+02,1.000000000000000000e+00,2.714999999999999636e-01
2.870000000000000000e+02,1.000000000000000000e+00,2.731249999999999512e-01
2.880000000000000000e+02,1.000000000000000000e+00,2.739250000000000296e-01
2.890000000000000000e+02,1.000000000000000000e+00,2.739250000000000296e-01
2.900000000000000000e+02,1.000000000000000000e+00,2.739250000000000296e-01
2.910000000000000000e+02,1.000000000000000000e+00,2.739250000000000296e-01
2.920000000000000000e+02,1.000000000000000000e+00,2.739250000000000296e-01
2.930000000000000000e+02,1.000000000000000000e+00,2.739250000000000296e-01
2.940000000000000000e+02,1.000000000000000000e+00,2.739250000000000296e-01
2.950000000000000000e+02,1.000000000000000000e+00,2.763499999999998735e-01
2.960000000000000000e+02,1.000000000000000000e+00,2.763499999999998735e-01
2.970000000000000000e+02,1.000000000000000000e+00,2.795750000000000179e-01
2.980000000000000000e+02,1.000000000000000000e+00,2.787499999999999423e-01
2.990000000000000000e+02,1.000000000000000000e+00,2.811750000000000083e-01
3.000000000000000000e+02,1.000000000000000000e+00,2.819749999999999202e-01
3.010000000000000000e+02,1.000000000000000000e+00,2.819749999999999202e-01
3.020000000000000000e+02,1.000000000000000000e+00,2.811750000000000083e-01
3.030000000000000000e+02,1.000000000000000000e+00,2.819749999999999202e-01
3.040000000000000000e+02,1.000000000000000000e+00,2.819749999999999202e-01
3.050000000000000000e+02,1.000000000000000000e+00,2.819749999999999202e-01
3.060000000000000000e+02,1.000000000000000000e+00,2.819749999999999202e-01
3.070000000000000000e+02,1.000000000000000000e+00,2.819749999999999202e-01
3.080000000000000000e+02,1.000000000000000000e+00,2.819749999999999202e-01
3.090000000000000000e+02,1.000000000000000000e+00,2.827749999999999986e-01
3.100000000000000000e+02,1.000000000000000000e+00,2.851999999999998425e-01
3.110000000000000000e+02,1.000000000000000000e+00,2.884249999999999869e-01
3.120000000000000000e+02,1.000000000000000000e+00,2.859999999999999210e-01
3.130000000000000000e+02,1.000000000000000000e+00,2.868249999999999966e-01
3.140000000000000000e+02,1.000000000000000000e+00,2.884249999999999869e-01
3.150000000000000000e+02,1.000000000000000000e+00,2.884249999999999869e-01
3.160000000000000000e+02,1.000000000000000000e+00,2.868249999999999966e-01
3.170000000000000000e+02,1.000000000000000000e+00,2.843999999999999306e-01
3.180000000000000000e+02,1.000000000000000000e+00,2.876249999999999085e-01
3.190000000000000000e+02,1.000000000000000000e+00,2.900499999999999190e-01
3.200000000000000000e+02,1.000000000000000000e+00,2.892249999999998988e-01
3.210000000000000000e+02,1.000000000000000000e+00,2.900499999999999190e-01
3.220000000000000000e+02,1.000000000000000000e+00,2.900499999999999190e-01
3.230000000000000000e+02,1.000000000000000000e+00,2.900499999999999190e-01
3.240000000000000000e+02,1.000000000000000000e+00,2.900499999999999190e-01
3.250000000000000000e+02,1.000000000000000000e+00,2.908499999999999974e-01
3.260000000000000000e+02,1.000000000000000000e+00,2.900499999999999190e-01
3.270000000000000000e+02,1.000000000000000000e+00,2.900499999999999190e-01
3.280000000000000000e+02,1.000000000000000000e+00,2.900499999999999190e-01
3.290000000000000000e+02,1.000000000000000000e+00,2.900499999999999190e-01
3.300000000000000000e+02,1.000000000000000000e+00,2.900499999999999190e-01
3.310000000000000000e+02,1.000000000000000000e+00,2.900499999999999190e-01
3.320000000000000000e+02,1.000000000000000000e+00,2.900499999999999190e-01
3.330000000000000000e+02,1.000000000000000000e+00,2.900499999999999190e-01
3.340000000000000000e+02,1.000000000000000000e+00,2.900499999999999190e-01
3.350000000000000000e+02,1.000000000000000000e+00,2.908499999999999974e-01
3.360000000000000000e+02,1.000000000000000000e+00,2.908499999999999974e-01
3.370000000000000000e+02,1.000000000000000000e+00,2.900499999999999190e-01
3.380000000000000000e+02,1.000000000000000000e+00,2.916499999999999093e-01
3.390000000000000000e+02,1.000000000000000000e+00,2.940749999999999753e-01
3.400000000000000000e+02,1.000000000000000000e+00,2.900499999999999190e-01
3.410000000000000000e+02,1.000000000000000000e+00,2.908499999999999974e-01
3.420000000000000000e+02,1.000000000000000000e+00,2.900499999999999190e-01
3.430000000000000000e+02,1.000000000000000000e+00,2.908499999999999974e-01
3.440000000000000000e+02,1.000000000000000000e+00,2.908499999999999974e-01
3.450000000000000000e+02,1.000000000000000000e+00,2.916499999999999093e-01
3.460000000000000000e+02,1.000000000000000000e+00,2.924499999999999877e-01
3.470000000000000000e+02,1.000000000000000000e+00,2.932499999999998996e-01
3.480000000000000000e+02,1.000000000000000000e+00,2.924499999999999877e-01
3.490000000000000000e+02,1.000000000000000000e+00,2.940749999999999753e-01
3.500000000000000000e+02,1.000000000000000000e+00,2.948749999999998872e-01
3.510000000000000000e+02,1.000000000000000000e+00,2.980999999999999761e-01
3.520000000000000000e+02,1.000000000000000000e+00,2.956749999999999656e-01
3.530000000000000000e+02,1.000000000000000000e+00,2.972999999999998977e-01
3.540000000000000000e+02,1.000000000000000000e+00,2.964749999999998775e-01
3.550000000000000000e+02,1.000000000000000000e+00,2.972999999999998977e-01
3.560000000000000000e+02,1.000000000000000000e+00,2.980999999999999761e-01
3.570000000000000000e+02,1.000000000000000000e+00,2.980999999999999761e-01
3.580000000000000000e+02,1.000000000000000000e+00,2.980999999999999761e-01
3.590000000000000000e+02,1.000000000000000000e+00,2.980999999999999761e-01
3.600000000000000000e+02,1.000000000000000000e+00,2.980999999999999761e-01
3.610000000000000000e+02,1.000000000000000000e+00,2.980999999999999761e-01
3.620000000000000000e+02,1.000000000000000000e+00,2.980999999999999761e-01
3.630000000000000000e+02,1.000000000000000000e+00,2.980999999999999761e-01
3.640000000000000000e+02,1.000000000000000000e+00,2.980999999999999761e-01
3.650000000000000000e+02,1.000000000000000000e+00,2.980999999999999761e-01
3.660000000000000000e+02,1.000000000000000000e+00,2.980999999999999761e-01
3.670000000000000000e+02,1.000000000000000000e+00,2.980999999999999761e-01
3.680000000000000000e+02,1.000000000000000000e+00,2.980999999999999761e-01
3.690000000000000000e+02,1.000000000000000000e+00,2.980999999999999761e-01
3.700000000000000000e+02,1.000000000000000000e+00,2.980999999999999761e-01
3.710000000000000000e+02,1.000000000000000000e+00,2.980999999999999761e-01
3.720000000000000000e+02,1.000000000000000000e+00,2.980999999999999761e-01
3.730000000000000000e+02,1.000000000000000000e+00,2.996999999999999664e-01
3.740000000000000000e+02,1.000000000000000000e+00,3.004999999999998783e-01
3.750000000000000000e+02,1.000000000000000000e+00,2.996999999999999664e-01
3.760000000000000000e+02,1.000000000000000000e+00,2.996999999999999664e-01
3.770000000000000000e+02,1.000000000000000000e+00,3.021250000000000324e-01
3.780000000000000000e+02,1.000000000000000000e+00,3.045499999999998764e-01
3.790000000000000000e+02,1.000000000000000000e+00,3.045499999999998764e-01
3.800000000000000000e+02,1.000000000000000000e+00,3.061499999999998667e-01
3.810000000000000000e+02,1.000000000000000000e+00,3.061499999999998667e-01
3.820000000000000000e+02,1.000000000000000000e+00,3.061499999999998667e-01
3.830000000000000000e+02,1.000000000000000000e+00,3.061499999999998667e-01
3.840000000000000000e+02,1.000000000000000000e+00,3.061499999999998667e-01
3.850000000000000000e+02,1.000000000000000000e+00,3.061499999999998667e-01
3.860000000000000000e+02,1.000000000000000000e+00,3.061499999999998667e-01
3.870000000000000000e+02,1.000000000000000000e+00,3.061499999999998667e-01
3.880000000000000000e+02,1.000000000000000000e+00,3.045499999999998764e-01
3.890000000000000000e+02,1.000000000000000000e+00,3.061499999999998667e-01
3.900000000000000000e+02,1.000000000000000000e+00,3.061499999999998667e-01
3.910000000000000000e+02,1.000000000000000000e+00,3.061499999999998667e-01
3.920000000000000000e+02,1.000000000000000000e+00,3.061499999999998667e-01
3.930000000000000000e+02,1.000000000000000000e+00,3.061499999999998667e-01
3.940000000000000000e+02,1.000000000000000000e+00,3.061499999999998667e-01
3.950000000000000000e+02,1.000000000000000000e+00,3.069499999999999451e-01
3.960000000000000000e+02,1.000000000000000000e+00,3.061499999999998667e-01
3.970000000000000000e+02,1.000000000000000000e+00,3.085749999999999327e-01
3.980000000000000000e+02,1.000000000000000000e+00,3.085749999999999327e-01
3.990000000000000000e+02,1.000000000000000000e+00,3.133999999999998454e-01
4.000000000000000000e+02,1.000000000000000000e+00,3.077750000000000208e-01
4.010000000000000000e+02,1.000000000000000000e+00,3.077750000000000208e-01
4.020000000000000000e+02,1.000000000000000000e+00,3.069499999999999451e-01
4.030000000000000000e+02,1.000000000000000000e+00,3.093750000000000111e-01
4.040000000000000000e+02,1.000000000000000000e+00,3.085749999999999327e-01
4.050000000000000000e+02,1.000000000000000000e+00,3.141999999999999238e-01
4.060000000000000000e+02,1.000000000000000000e+00,3.141999999999999238e-01
4.070000000000000000e+02,1.000000000000000000e+00,3.141999999999999238e-01
4.080000000000000000e+02,1.000000000000000000e+00,3.141999999999999238e-01
4.090000000000000000e+02,1.000000000000000000e+00,3.141999999999999238e-01
4.100000000000000000e+02,1.000000000000000000e+00,3.141999999999999238e-01
4.110000000000000000e+02,1.000000000000000000e+00,3.141999999999999238e-01
4.120000000000000000e+02,1.000000000000000000e+00,3.141999999999999238e-01
4.130000000000000000e+02,1.000000000000000000e+00,3.141999999999999238e-01
4.140000000000000000e+02,1.000000000000000000e+00,3.141999999999999238e-01
4.150000000000000000e+02,1.000000000000000000e+00,3.141999999999999238e-01
4.160000000000000000e+02,1.000000000000000000e+00,3.141999999999999238e-01
4.170000000000000000e+02,1.000000000000000000e+00,3.141999999999999238e-01
4.180000000000000000e+02,1.000000000000000000e+00,3.166249999999999898e-01
4.190000000000000000e+02,1.000000000000000000e+00,3.166249999999999898e-01
4.200000000000000000e+02,1.000000000000000000e+00,3.141999999999999238e-01
4.210000000000000000e+02,1.000000000000000000e+00,3.141999999999999238e-01
4.220000000000000000e+02,1.000000000000000000e+00,3.141999999999999238e-01
4.230000000000000000e+02,1.000000000000000000e+00,3.141999999999999238e-01
4.240000000000000000e+02,1.000000000000000000e+00,3.141999999999999238e-01
4.250000000000000000e+02,1.000000000000000000e+00,3.141999999999999238e-01
4.260000000000000000e+02,1.000000000000000000e+00,3.141999999999999238e-01
4.270000000000000000e+02,1.000000000000000000e+00,3.141999999999999238e-01
4.280000000000000000e+02,1.000000000000000000e+00,3.141999999999999238e-01
4.290000000000000000e+02,1.000000000000000000e+00,3.141999999999999238e-01
4.300000000000000000e+02,1.000000000000000000e+00,3.141999999999999238e-01
4.310000000000000000e+02,1.000000000000000000e+00,3.141999999999999238e-01
4.320000000000000000e+02,1.000000000000000000e+00,3.141999999999999238e-01
4.330000000000000000e+02,1.000000000000000000e+00,3.150249999999999995e-01
4.340000000000000000e+02,1.000000000000000000e+00,3.158249999999999114e-01
4.350000000000000000e+02,1.000000000000000000e+00,3.141999999999999238e-01
4.360000000000000000e+02,1.000000000000000000e+00,3.150249999999999995e-01
4.370000000000000000e+02,1.000000000000000000e+00,3.158249999999999114e-01
4.380000000000000000e+02,1.000000000000000000e+00,3.141999999999999238e-01
4.390000000000000000e+02,1.000000000000000000e+00,3.141999999999999238e-01
4.400000000000000000e+02,1.000000000000000000e+00,3.166249999999999898e-01
4.410000000000000000e+02,1.000000000000000000e+00,3.158249999999999114e-01
4.420000000000000000e+02,1.000000000000000000e+00,3.166249999999999898e-01
4.430000000000000000e+02,1.000000000000000000e+00,3.158249999999999114e-01
4.440000000000000000e+02,1.000000000000000000e+00,3.190500000000000003e-01
4.450000000000000000e+02,1.000000000000000000e+00,3.206499999999999906e-01
4.460000000000000000e+02,1.000000000000000000e+00,3.182249999999999801e-01
4.470000000000000000e+02,1.000000000000000000e+00,3.166249999999999898e-01
4.480000000000000000e+02,1.000000000000000000e+00,3.150249999999999995e-01
4.490000000000000000e+02,1.000000000000000000e+00,3.158249999999999114e-01
4.500000000000000000e+02,1.000000000000000000e+00,3.174249999999999017e-01
4.510000000000000000e+02,1.000000000000000000e+00,3.166249999999999898e-01
4.520000000000000000e+02,1.000000000000000000e+00,3.158249999999999114e-01
4.530000000000000000e+02,1.000000000000000000e+00,3.141999999999999238e-01
4.540000000000000000e+02,1.000000000000000000e+00,3.190500000000000003e-01
4.550000000000000000e+02,1.000000000000000000e+00,3.190500000000000003e-01
4.560000000000000000e+02,1.000000000000000000e+00,3.214499999999999025e-01
4.570000000000000000e+02,1.000000000000000000e+00,3.174249999999999017e-01
4.580000000000000000e+02,1.000000000000000000e+00,3.182249999999999801e-01
4.590000000000000000e+02,1.000000000000000000e+00,3.214499999999999025e-01
4.600000000000000000e+02,1.000000000000000000e+00,3.222749999999999782e-01
4.610000000000000000e+02,1.000000000000000000e+00,3.222749999999999782e-01
4.620000000000000000e+02,1.000000000000000000e+00,3.222749999999999782e-01
4.630000000000000000e+02,1.000000000000000000e+00,3.222749999999999782e-01
4.640000000000000000e+02,1.000000000000000000e+00,3.222749999999999782e-01
4.650000000000000000e+02,1.000000000000000000e+00,3.230749999999998900e-01
4.660000000000000000e+02,1.000000000000000000e+00,3.222749999999999782e-01
4.670000000000000000e+02,1.000000000000000000e+00,3.222749999999999782e-01
4.680000000000000000e+02,1.000000000000000000e+00,3.222749999999999782e-01
4.690000000000000000e+02,1.000000000000000000e+00,3.222749999999999782e-01
4.700000000000000000e+02,1.000000000000000000e+00,3.238749999999999685e-01
4.710000000000000000e+02,1.000000000000000000e+00,3.230749999999998900e-01
4.720000000000000000e+02,1.000000000000000000e+00,3.222749999999999782e-01
4.730000000000000000e+02,1.000000000000000000e+00,3.222749999999999782e-01
4.740000000000000000e+02,1.000000000000000000e+00,3.222749999999999782e-01
4.750000000000000000e+02,1.000000000000000000e+00,3.222749999999999782e-01
4.760000000000000000e+02,1.000000000000000000e+00,3.222749999999999782e-01
4.770000000000000000e+02,1.000000000000000000e+00,3.222749999999999782e-01
4.780000000000000000e+02,1.000000000000000000e+00,3.230749999999998900e-01
4.790000000000000000e+02,1.000000000000000000e+00,3.238749999999999685e-01
4.800000000000000000e+02,1.000000000000000000e+00,3.270999999999998908e-01
4.810000000000000000e+02,1.000000000000000000e+00,3.295249999999999568e-01
4.820000000000000000e+02,1.000000000000000000e+00,3.303250000000000353e-01
4.830000000000000000e+02,1.000000000000000000e+00,3.303250000000000353e-01
4.840000000000000000e+02,1.000000000000000000e+00,3.303250000000000353e-01
4.850000000000000000e+02,1.000000000000000000e+00,3.303250000000000353e-01
4.860000000000000000e+02,1.000000000000000000e+00,3.303250000000000353e-01
4.870000000000000000e+02,1.000000000000000000e+00,3.303250000000000353e-01
4.880000000000000000e+02,1.000000000000000000e+00,3.303250000000000353e-01
4.890000000000000000e+02,1.000000000000000000e+00,3.303250000000000353e-01
4.900000000000000000e+02,1.000000000000000000e+00,3.303250000000000353e-01
4.910000000000000000e+02,1.000000000000000000e+00,3.303250000000000353e-01
4.920000000000000000e+02,1.000000000000000000e+00,3.303250000000000353e-01
4.930000000000000000e+02,1.000000000000000000e+00,3.327499999999998792e-01
4.940000000000000000e+02,1.000000000000000000e+00,3.335499999999999576e-01
4.950000000000000000e+02,1.000000000000000000e+00,3.335499999999999576e-01
4.960000000000000000e+02,1.000000000000000000e+00,3.327499999999998792e-01
4.970000000000000000e+02,1.000000000000000000e+00,3.343499999999998695e-01
4.980000000000000000e+02,1.000000000000000000e+00,3.351499999999999480e-01
4.990000000000000000e+02,1.000000000000000000e+00,3.351499999999999480e-01
5.000000000000000000e+02,1.000000000000000000e+00,3.351499999999999480e-01
5.010000000000000000e+02,1.000000000000000000e+00,3.367749999999999355e-01
5.020000000000000000e+02,1.000000000000000000e+00,3.359499999999998598e-01
5.030000000000000000e+02,1.000000000000000000e+00,3.367749999999999355e-01
5.040000000000000000e+02,1.000000000000000000e+00,3.375750000000000139e-01
5.050000000000000000e+02,1.000000000000000000e+00,3.375750000000000139e-01
5.060000000000000000e+02,1.000000000000000000e+00,3.359499999999998598e-01
5.070000000000000000e+02,1.000000000000000000e+00,3.367749999999999355e-01
5.080000000000000000e+02,1.000000000000000000e+00,3.375750000000000139e-01
5.090000000000000000e+02,1.000000000000000000e+00,3.383749999999999258e-01
5.100000000000000000e+02,1.000000000000000000e+00,3.383749999999999258e-01
5.110000000000000000e+02,1.000000000000000000e+00,3.383749999999999258e-01
5.120000000000000000e+02,1.000000000000000000e+00,3.391750000000000043e-01
5.130000000000000000e+02,1.000000000000000000e+00,3.383749999999999258e-01
5.140000000000000000e+02,1.000000000000000000e+00,3.383749999999999258e-01
5.150000000000000000e+02,1.000000000000000000e+00,3.383749999999999258e-01
5.160000000000000000e+02,1.000000000000000000e+00,3.383749999999999258e-01
5.170000000000000000e+02,1.000000000000000000e+00,3.383749999999999258e-01
5.180000000000000000e+02,1.000000000000000000e+00,3.383749999999999258e-01
5.190000000000000000e+02,1.000000000000000000e+00,3.383749999999999258e-01
5.200000000000000000e+02,1.000000000000000000e+00,3.383749999999999258e-01
5.210000000000000000e+02,1.000000000000000000e+00,3.375750000000000139e-01
5.220000000000000000e+02,1.000000000000000000e+00,3.383749999999999258e-01
5.230000000000000000e+02,1.000000000000000000e+00,3.375750000000000139e-01
5.240000000000000000e+02,1.000000000000000000e+00,3.375750000000000139e-01
5.250000000000000000e+02,1.000000000000000000e+00,3.367749999999999355e-01
5.260000000000000000e+02,1.000000000000000000e+00,3.375750000000000139e-01
5.270000000000000000e+02,1.000000000000000000e+00,3.375750000000000139e-01
5.280000000000000000e+02,1.000000000000000000e+00,3.383749999999999258e-01
5.290000000000000000e+02,1.000000000000000000e+00,3.383749999999999258e-01
5.300000000000000000e+02,1.000000000000000000e+00,3.383749999999999258e-01
5.310000000000000000e+02,1.000000000000000000e+00,3.383749999999999258e-01
5.320000000000000000e+02,1.000000000000000000e+00,3.383749999999999258e-01
5.330000000000000000e+02,1.000000000000000000e+00,3.383749999999999258e-01
5.340000000000000000e+02,1.000000000000000000e+00,3.383749999999999258e-01
5.350000000000000000e+02,1.000000000000000000e+00,3.383749999999999258e-01
5.360000000000000000e+02,1.000000000000000000e+00,3.383749999999999258e-01
5.370000000000000000e+02,1.000000000000000000e+00,3.375750000000000139e-01
5.380000000000000000e+02,1.000000000000000000e+00,3.351499999999999480e-01
5.390000000000000000e+02,1.000000000000000000e+00,3.335499999999999576e-01
5.400000000000000000e+02,1.000000000000000000e+00,3.359499999999998598e-01
5.410000000000000000e+02,1.000000000000000000e+00,3.343499999999998695e-01
5.420000000000000000e+02,1.000000000000000000e+00,3.335499999999999576e-01
5.430000000000000000e+02,1.000000000000000000e+00,3.351499999999999480e-01
5.440000000000000000e+02,1.000000000000000000e+00,3.383749999999999258e-01
5.450000000000000000e+02,1.000000000000000000e+00,3.383749999999999258e-01
5.460000000000000000e+02,1.000000000000000000e+00,3.383749999999999258e-01
5.470000000000000000e+02,1.000000000000000000e+00,3.383749999999999258e-01
5.480000000000000000e+02,1.000000000000000000e+00,3.391750000000000043e-01
5.490000000000000000e+02,1.000000000000000000e+00,3.383749999999999258e-01
5.500000000000000000e+02,1.000000000000000000e+00,3.415999999999998482e-01
5.510000000000000000e+02,1.000000000000000000e+00,3.391750000000000043e-01
5.520000000000000000e+02,1.000000000000000000e+00,3.383749999999999258e-01
5.530000000000000000e+02,1.000000000000000000e+00,3.383749999999999258e-01
5.540000000000000000e+02,1.000000000000000000e+00,3.399999999999998579e-01
5.550000000000000000e+02,1.000000000000000000e+00,3.391750000000000043e-01
5.560000000000000000e+02,1.000000000000000000e+00,3.415999999999998482e-01
5.570000000000000000e+02,1.000000000000000000e+00,3.407999999999999363e-01
5.580000000000000000e+02,1.000000000000000000e+00,3.423999999999999266e-01
5.590000000000000000e+02,1.000000000000000000e+00,3.423999999999999266e-01
5.600000000000000000e+02,1.000000000000000000e+00,3.423999999999999266e-01
5.610000000000000000e+02,1.000000000000000000e+00,3.423999999999999266e-01
5.620000000000000000e+02,1.000000000000000000e+00,3.399999999999998579e-01
5.630000000000000000e+02,1.000000000000000000e+00,3.391750000000000043e-01
5.640000000000000000e+02,1.000000000000000000e+00,3.399999999999998579e-01
5.650000000000000000e+02,1.000000000000000000e+00,3.399999999999998579e-01
5.660000000000000000e+02,1.000000000000000000e+00,3.415999999999998482e-01
5.670000000000000000e+02,1.000000000000000000e+00,3.407999999999999363e-01
5.680000000000000000e+02,1.000000000000000000e+00,3.383749999999999258e-01
5.690000000000000000e+02,1.000000000000000000e+00,3.399999999999998579e-01
5.700000000000000000e+02,1.000000000000000000e+00,3.383749999999999258e-01
5.710000000000000000e+02,1.000000000000000000e+00,3.407999999999999363e-01
5.720000000000000000e+02,1.000000000000000000e+00,3.407999999999999363e-01
5.730000000000000000e+02,1.000000000000000000e+00,3.431999999999998385e-01
5.740000000000000000e+02,1.000000000000000000e+00,3.448249999999999926e-01
5.750000000000000000e+02,1.000000000000000000e+00,3.431999999999998385e-01
5.760000000000000000e+02,1.000000000000000000e+00,3.440249999999999142e-01
5.770000000000000000e+02,1.000000000000000000e+00,3.431999999999998385e-01
5.780000000000000000e+02,1.000000000000000000e+00,3.407999999999999363e-01
5.790000000000000000e+02,1.000000000000000000e+00,3.407999999999999363e-01
5.800000000000000000e+02,1.000000000000000000e+00,3.399999999999998579e-01
5.810000000000000000e+02,1.000000000000000000e+00,3.383749999999999258e-01
5.820000000000000000e+02,1.000000000000000000e+00,3.440249999999999142e-01
5.830000000000000000e+02,1.000000000000000000e+00,3.448249999999999926e-01
5.840000000000000000e+02,1.000000000000000000e+00,3.464249999999999829e-01
5.850000000000000000e+02,1.000000000000000000e+00,3.456249999999999045e-01
5.860000000000000000e+02,1.000000000000000000e+00,3.464249999999999829e-01
5.870000000000000000e+02,1.000000000000000000e+00,3.464249999999999829e-01
5.880000000000000000e+02,1.000000000000000000e+00,3.456249999999999045e-01
5.890000000000000000e+02,1.000000000000000000e+00,3.448249999999999926e-01
5.900000000000000000e+02,1.000000000000000000e+00,3.464249999999999829e-01
5.910000000000000000e+02,1.000000000000000000e+00,3.440249999999999142e-01
5.920000000000000000e+02,1.000000000000000000e+00,3.440249999999999142e-01
5.930000000000000000e+02,1.000000000000000000e+00,3.448249999999999926e-01
5.940000000000000000e+02,1.000000000000000000e+00,3.464249999999999829e-01
5.950000000000000000e+02,1.000000000000000000e+00,3.464249999999999829e-01
5.960000000000000000e+02,1.000000000000000000e+00,3.464249999999999829e-01
5.970000000000000000e+02,1.000000000000000000e+00,3.464249999999999829e-01
5.980000000000000000e+02,1.000000000000000000e+00,3.464249999999999829e-01
5.990000000000000000e+02,1.000000000000000000e+00,3.480499999999999150e-01
6.000000000000000000e+02,1.000000000000000000e+00,3.464249999999999829e-01
6.010000000000000000e+02,1.000000000000000000e+00,3.496499999999999053e-01
6.020000000000000000e+02,1.000000000000000000e+00,3.488499999999999934e-01
6.030000000000000000e+02,1.000000000000000000e+00,3.520749999999999713e-01
6.040000000000000000e+02,1.000000000000000000e+00,3.488499999999999934e-01
6.050000000000000000e+02,1.000000000000000000e+00,3.512749999999998929e-01
6.060000000000000000e+02,1.000000000000000000e+00,3.488499999999999934e-01
6.070000000000000000e+02,1.000000000000000000e+00,3.528749999999998832e-01
6.080000000000000000e+02,1.000000000000000000e+00,3.480499999999999150e-01
6.090000000000000000e+02,1.000000000000000000e+00,3.512749999999998929e-01
6.100000000000000000e+02,1.000000000000000000e+00,3.496499999999999053e-01
6.110000000000000000e+02,1.000000000000000000e+00,3.488499999999999934e-01
6.120000000000000000e+02,1.000000000000000000e+00,3.512749999999998929e-01
6.130000000000000000e+02,1.000000000000000000e+00,3.512749999999998929e-01
6.140000000000000000e+02,1.000000000000000000e+00,3.504749999999999810e-01
6.150000000000000000e+02,1.000000000000000000e+00,3.496499999999999053e-01
6.160000000000000000e+02,1.000000000000000000e+00,3.504749999999999810e-01
6.170000000000000000e+02,1.000000000000000000e+00,3.504749999999999810e-01
6.180000000000000000e+02,1.000000000000000000e+00,3.496499999999999053e-01
6.190000000000000000e+02,1.000000000000000000e+00,3.488499999999999934e-01
6.200000000000000000e+02,1.000000000000000000e+00,3.488499999999999934e-01
6.210000000000000000e+02,1.000000000000000000e+00,3.472500000000000031e-01
6.220000000000000000e+02,1.000000000000000000e+00,3.496499999999999053e-01
6.230000000000000000e+02,1.000000000000000000e+00,3.488499999999999934e-01
6.240000000000000000e+02,1.000000000000000000e+00,3.464249999999999829e-01
6.250000000000000000e+02,1.000000000000000000e+00,3.464249999999999829e-01
6.260000000000000000e+02,1.000000000000000000e+00,3.464249999999999829e-01
6.270000000000000000e+02,1.000000000000000000e+00,3.464249999999999829e-01
6.280000000000000000e+02,1.000000000000000000e+00,3.464249999999999829e-01
6.290000000000000000e+02,1.000000000000000000e+00,3.480499999999999150e-01
6.300000000000000000e+02,1.000000000000000000e+00,3.480499999999999150e-01
6.310000000000000000e+02,1.000000000000000000e+00,3.464249999999999829e-01
6.320000000000000000e+02,1.000000000000000000e+00,3.464249999999999829e-01
6.330000000000000000e+02,1.000000000000000000e+00,3.464249999999999829e-01
6.340000000000000000e+02,1.000000000000000000e+00,3.472500000000000031e-01
6.350000000000000000e+02,1.000000000000000000e+00,3.464249999999999829e-01
6.360000000000000000e+02,1.000000000000000000e+00,3.464249999999999829e-01
6.370000000000000000e+02,1.000000000000000000e+00,3.504749999999999810e-01
6.380000000000000000e+02,1.000000000000000000e+00,3.504749999999999810e-01
6.390000000000000000e+02,1.000000000000000000e+00,3.488499999999999934e-01
6.400000000000000000e+02,1.000000000000000000e+00,3.504749999999999810e-01
6.410000000000000000e+02,1.000000000000000000e+00,3.496499999999999053e-01
6.420000000000000000e+02,1.000000000000000000e+00,3.520749999999999713e-01
6.430000000000000000e+02,1.000000000000000000e+00,3.520749999999999713e-01
6.440000000000000000e+02,1.000000000000000000e+00,3.528749999999998832e-01
6.450000000000000000e+02,1.000000000000000000e+00,3.520749999999999713e-01
6.460000000000000000e+02,1.000000000000000000e+00,3.520749999999999713e-01
6.470000000000000000e+02,1.000000000000000000e+00,3.496499999999999053e-01
6.480000000000000000e+02,1.000000000000000000e+00,3.496499999999999053e-01
6.490000000000000000e+02,1.000000000000000000e+00,3.488499999999999934e-01
6.500000000000000000e+02,1.000000000000000000e+00,3.480499999999999150e-01
6.510000000000000000e+02,1.000000000000000000e+00,3.488499999999999934e-01
6.520000000000000000e+02,1.000000000000000000e+00,3.504749999999999810e-01
6.530000000000000000e+02,1.000000000000000000e+00,3.464249999999999829e-01
6.540000000000000000e+02,1.000000000000000000e+00,3.480499999999999150e-01
6.550000000000000000e+02,1.000000000000000000e+00,3.472500000000000031e-01
6.560000000000000000e+02,1.000000000000000000e+00,3.472500000000000031e-01
6.570000000000000000e+02,1.000000000000000000e+00,3.472500000000000031e-01
6.580000000000000000e+02,1.000000000000000000e+00,3.480499999999999150e-01
6.590000000000000000e+02,1.000000000000000000e+00,3.488499999999999934e-01
6.600000000000000000e+02,1.000000000000000000e+00,3.464249999999999829e-01
6.610000000000000000e+02,1.000000000000000000e+00,3.480499999999999150e-01
6.620000000000000000e+02,1.000000000000000000e+00,3.496499999999999053e-01
6.630000000000000000e+02,1.000000000000000000e+00,3.480499999999999150e-01
6.640000000000000000e+02,1.000000000000000000e+00,3.488499999999999934e-01
6.650000000000000000e+02,1.000000000000000000e+00,3.496499999999999053e-01
6.660000000000000000e+02,1.000000000000000000e+00,3.480499999999999150e-01
6.670000000000000000e+02,1.000000000000000000e+00,3.464249999999999829e-01
6.680000000000000000e+02,1.000000000000000000e+00,3.472500000000000031e-01
6.690000000000000000e+02,1.000000000000000000e+00,3.472500000000000031e-01
6.700000000000000000e+02,1.000000000000000000e+00,3.488499999999999934e-01
6.710000000000000000e+02,1.000000000000000000e+00,3.496499999999999053e-01
6.720000000000000000e+02,1.000000000000000000e+00,3.472500000000000031e-01
6.730000000000000000e+02,1.000000000000000000e+00,3.464249999999999829e-01
6.740000000000000000e+02,1.000000000000000000e+00,3.472500000000000031e-01
6.750000000000000000e+02,1.000000000000000000e+00,3.464249999999999829e-01
6.760000000000000000e+02,1.000000000000000000e+00,3.480499999999999150e-01
6.770000000000000000e+02,1.000000000000000000e+00,3.464249999999999829e-01
6.780000000000000000e+02,1.000000000000000000e+00,3.472500000000000031e-01
6.790000000000000000e+02,1.000000000000000000e+00,3.464249999999999829e-01
6.800000000000000000e+02,1.000000000000000000e+00,3.472500000000000031e-01
6.810000000000000000e+02,1.000000000000000000e+00,3.464249999999999829e-01
6.820000000000000000e+02,1.000000000000000000e+00,3.464249999999999829e-01
6.830000000000000000e+02,1.000000000000000000e+00,3.464249999999999829e-01
6.840000000000000000e+02,1.000000000000000000e+00,3.464249999999999829e-01
6.850000000000000000e+02,1.000000000000000000e+00,3.464249999999999829e-01
6.860000000000000000e+02,1.000000000000000000e+00,3.464249999999999829e-01
6.870000000000000000e+02,1.000000000000000000e+00,3.464249999999999829e-01
6.880000000000000000e+02,1.000000000000000000e+00,3.472500000000000031e-01
6.890000000000000000e+02,1.000000000000000000e+00,3.472500000000000031e-01
6.900000000000000000e+02,1.000000000000000000e+00,3.480499999999999150e-01
6.910000000000000000e+02,1.000000000000000000e+00,3.464249999999999829e-01
6.920000000000000000e+02,1.000000000000000000e+00,3.496499999999999053e-01
6.930000000000000000e+02,1.000000000000000000e+00,3.512749999999998929e-01
6.940000000000000000e+02,1.000000000000000000e+00,3.520749999999999713e-01
6.950000000000000000e+02,1.000000000000000000e+00,3.512749999999998929e-01
6.960000000000000000e+02,1.000000000000000000e+00,3.528749999999998832e-01
6.970000000000000000e+02,1.000000000000000000e+00,3.536749999999999616e-01
6.980000000000000000e+02,1.000000000000000000e+00,3.544999999999999818e-01
6.990000000000000000e+02,1.000000000000000000e+00,3.544999999999999818e-01
7.000000000000000000e+02,1.000000000000000000e+00,3.544999999999999818e-01
7.010000000000000000e+02,1.000000000000000000e+00,3.544999999999999818e-01
7.020000000000000000e+02,1.000000000000000000e+00,3.544999999999999818e-01
7.030000000000000000e+02,1.000000000000000000e+00,3.544999999999999818e-01
7.040000000000000000e+02,1.000000000000000000e+00,3.544999999999999818e-01
7.050000000000000000e+02,1.000000000000000000e+00,3.544999999999999818e-01
7.060000000000000000e+02,1.000000000000000000e+00,3.544999999999999818e-01
7.070000000000000000e+02,1.000000000000000000e+00,3.544999999999999818e-01
7.080000000000000000e+02,1.000000000000000000e+00,3.544999999999999818e-01
7.090000000000000000e+02,1.000000000000000000e+00,3.552999999999998937e-01
7.100000000000000000e+02,1.000000000000000000e+00,3.568999999999998840e-01
7.110000000000000000e+02,1.000000000000000000e+00,3.560999999999999721e-01
7.120000000000000000e+02,1.000000000000000000e+00,3.560999999999999721e-01
7.130000000000000000e+02,1.000000000000000000e+00,3.568999999999998840e-01
7.140000000000000000e+02,1.000000000000000000e+00,3.585250000000000381e-01
7.150000000000000000e+02,1.000000000000000000e+00,3.544999999999999818e-01
7.160000000000000000e+02,1.000000000000000000e+00,3.568999999999998840e-01
7.170000000000000000e+02,1.000000000000000000e+00,3.560999999999999721e-01
7.180000000000000000e+02,1.000000000000000000e+00,3.577249999999999597e-01
7.190000000000000000e+02,1.000000000000000000e+00,3.544999999999999818e-01
7.200000000000000000e+02,1.000000000000000000e+00,3.577249999999999597e-01
7.210000000000000000e+02,1.000000000000000000e+00,3.560999999999999721e-01
7.220000000000000000e+02,1.000000000000000000e+00,3.560999999999999721e-01
7.230000000000000000e+02,1.000000000000000000e+00,3.552999999999998937e-01
7.240000000000000000e+02,1.000000000000000000e+00,3.568999999999998840e-01
7.250000000000000000e+02,1.000000000000000000e+00,3.560999999999999721e-01
7.260000000000000000e+02,1.000000000000000000e+00,3.544999999999999818e-01
7.270000000000000000e+02,1.000000000000000000e+00,3.552999999999998937e-01
7.280000000000000000e+02,1.000000000000000000e+00,3.560999999999999721e-01
7.290000000000000000e+02,1.000000000000000000e+00,3.544999999999999818e-01
7.300000000000000000e+02,1.000000000000000000e+00,3.544999999999999818e-01
7.310000000000000000e+02,1.000000000000000000e+00,3.552999999999998937e-01
7.320000000000000000e+02,1.000000000000000000e+00,3.577249999999999597e-01
7.330000000000000000e+02,1.000000000000000000e+00,3.560999999999999721e-01
7.340000000000000000e+02,1.000000000000000000e+00,3.593249999999999500e-01
7.350000000000000000e+02,1.000000000000000000e+00,3.593249999999999500e-01
7.360000000000000000e+02,1.000000000000000000e+00,3.577249999999999597e-01
7.370000000000000000e+02,1.000000000000000000e+00,3.560999999999999721e-01
7.380000000000000000e+02,1.000000000000000000e+00,3.617499999999999605e-01
7.390000000000000000e+02,1.000000000000000000e+00,3.601249999999998619e-01
7.400000000000000000e+02,1.000000000000000000e+00,3.568999999999998840e-01
7.410000000000000000e+02,1.000000000000000000e+00,3.568999999999998840e-01
7.420000000000000000e+02,1.000000000000000000e+00,3.577249999999999597e-01
7.430000000000000000e+02,1.000000000000000000e+00,3.568999999999998840e-01
7.440000000000000000e+02,1.000000000000000000e+00,3.593249999999999500e-01
7.450000000000000000e+02,1.000000000000000000e+00,3.617499999999999605e-01
7.460000000000000000e+02,1.000000000000000000e+00,3.601249999999998619e-01
7.470000000000000000e+02,1.000000000000000000e+00,3.593249999999999500e-01
7.480000000000000000e+02,1.000000000000000000e+00,3.593249999999999500e-01
7.490000000000000000e+02,1.000000000000000000e+00,3.593249999999999500e-01
7.500000000000000000e+02,1.000000000000000000e+00,3.577249999999999597e-01
7.510000000000000000e+02,1.000000000000000000e+00,3.593249999999999500e-01
7.520000000000000000e+02,1.000000000000000000e+00,3.617499999999999605e-01
7.530000000000000000e+02,1.000000000000000000e+00,3.577249999999999597e-01
7.540000000000000000e+02,1.000000000000000000e+00,3.601249999999998619e-01
7.550000000000000000e+02,1.000000000000000000e+00,3.585250000000000381e-01
7.560000000000000000e+02,1.000000000000000000e+00,3.609249999999999403e-01
7.570000000000000000e+02,1.000000000000000000e+00,3.577249999999999597e-01
7.580000000000000000e+02,1.000000000000000000e+00,3.585250000000000381e-01
7.590000000000000000e+02,1.000000000000000000e+00,3.568999999999998840e-01
7.600000000000000000e+02,1.000000000000000000e+00,3.560999999999999721e-01
7.610000000000000000e+02,1.000000000000000000e+00,3.552999999999998937e-01
7.620000000000000000e+02,1.000000000000000000e+00,3.568999999999998840e-01
7.630000000000000000e+02,1.000000000000000000e+00,3.552999999999998937e-01
7.640000000000000000e+02,1.000000000000000000e+00,3.568999999999998840e-01
7.650000000000000000e+02,1.000000000000000000e+00,3.568999999999998840e-01
7.660000000000000000e+02,1.000000000000000000e+00,3.544999999999999818e-01
7.670000000000000000e+02,1.000000000000000000e+00,3.544999999999999818e-01
7.680000000000000000e+02,1.000000000000000000e+00,3.560999999999999721e-01
7.690000000000000000e+02,1.000000000000000000e+00,3.560999999999999721e-01
7.700000000000000000e+02,1.000000000000000000e+00,3.560999999999999721e-01
7.710000000000000000e+02,1.000000000000000000e+00,3.577249999999999597e-01
7.720000000000000000e+02,1.000000000000000000e+00,3.560999999999999721e-01
7.730000000000000000e+02,1.000000000000000000e+00,3.552999999999998937e-01
7.740000000000000000e+02,1.000000000000000000e+00,3.552999999999998937e-01
7.750000000000000000e+02,1.000000000000000000e+00,3.560999999999999721e-01
7.760000000000000000e+02,1.000000000000000000e+00,3.552999999999998937e-01
7.770000000000000000e+02,1.000000000000000000e+00,3.544999999999999818e-01
7.780000000000000000e+02,1.000000000000000000e+00,3.544999999999999818e-01
7.790000000000000000e+02,1.000000000000000000e+00,3.544999999999999818e-01
7.800000000000000000e+02,1.000000000000000000e+00,3.544999999999999818e-01
7.810000000000000000e+02,1.000000000000000000e+00,3.544999999999999818e-01
7.820000000000000000e+02,1.000000000000000000e+00,3.544999999999999818e-01
7.830000000000000000e+02,1.000000000000000000e+00,3.544999999999999818e-01
7.840000000000000000e+02,1.000000000000000000e+00,3.544999999999999818e-01
7.850000000000000000e+02,1.000000000000000000e+00,3.544999999999999818e-01
7.860000000000000000e+02,1.000000000000000000e+00,3.520749999999999713e-01
7.870000000000000000e+02,1.000000000000000000e+00,3.496499999999999053e-01
7.880000000000000000e+02,1.000000000000000000e+00,3.480499999999999150e-01
7.890000000000000000e+02,1.000000000000000000e+00,3.496499999999999053e-01
7.900000000000000000e+02,1.000000000000000000e+00,3.472500000000000031e-01
7.910000000000000000e+02,1.000000000000000000e+00,3.488499999999999934e-01
7.920000000000000000e+02,1.000000000000000000e+00,3.472500000000000031e-01
7.930000000000000000e+02,1.000000000000000000e+00,3.488499999999999934e-01
7.940000000000000000e+02,1.000000000000000000e+00,3.512749999999998929e-01
7.950000000000000000e+02,1.000000000000000000e+00,3.536749999999999616e-01
7.960000000000000000e+02,1.000000000000000000e+00,3.536749999999999616e-01
7.970000000000000000e+02,1.000000000000000000e+00,3.528749999999998832e-01
7.980000000000000000e+02,1.000000000000000000e+00,3.544999999999999818e-01
7.990000000000000000e+02,1.000000000000000000e+00,3.536749999999999616e-01
8.000000000000000000e+02,1.000000000000000000e+00,3.496499999999999053e-01
8.010000000000000000e+02,1.000000000000000000e+00,3.496499999999999053e-01
8.020000000000000000e+02,1.000000000000000000e+00,3.480499999999999150e-01
8.030000000000000000e+02,1.000000000000000000e+00,3.512749999999998929e-01
8.040000000000000000e+02,1.000000000000000000e+00,3.504749999999999810e-01
8.050000000000000000e+02,1.000000000000000000e+00,3.528749999999998832e-01
8.060000000000000000e+02,1.000000000000000000e+00,3.520749999999999713e-01
8.070000000000000000e+02,1.000000000000000000e+00,3.472500000000000031e-01
8.080000000000000000e+02,1.000000000000000000e+00,3.496499999999999053e-01
8.090000000000000000e+02,1.000000000000000000e+00,3.520749999999999713e-01
8.100000000000000000e+02,1.000000000000000000e+00,3.512749999999998929e-01
8.110000000000000000e+02,1.000000000000000000e+00,3.536749999999999616e-01
8.120000000000000000e+02,1.000000000000000000e+00,3.544999999999999818e-01
8.130000000000000000e+02,1.000000000000000000e+00,3.544999999999999818e-01
8.140000000000000000e+02,1.000000000000000000e+00,3.544999999999999818e-01
8.150000000000000000e+02,1.000000000000000000e+00,3.544999999999999818e-01
8.160000000000000000e+02,1.000000000000000000e+00,3.544999999999999818e-01
8.170000000000000000e+02,1.000000000000000000e+00,3.552999999999998937e-01
8.180000000000000000e+02,1.000000000000000000e+00,3.560999999999999721e-01
8.190000000000000000e+02,1.000000000000000000e+00,3.585250000000000381e-01
8.200000000000000000e+02,1.000000000000000000e+00,3.601249999999998619e-01
8.210000000000000000e+02,1.000000000000000000e+00,3.577249999999999597e-01
8.220000000000000000e+02,1.000000000000000000e+00,3.593249999999999500e-01
8.230000000000000000e+02,1.000000000000000000e+00,3.609249999999999403e-01
8.240000000000000000e+02,1.000000000000000000e+00,3.552999999999998937e-01
8.250000000000000000e+02,1.000000000000000000e+00,3.544999999999999818e-01
8.260000000000000000e+02,1.000000000000000000e+00,3.552999999999998937e-01
8.270000000000000000e+02,1.000000000000000000e+00,3.577249999999999597e-01
8.280000000000000000e+02,1.000000000000000000e+00,3.568999999999998840e-01
8.290000000000000000e+02,1.000000000000000000e+00,3.568999999999998840e-01
8.300000000000000000e+02,1.000000000000000000e+00,3.617499999999999605e-01
8.310000000000000000e+02,1.000000000000000000e+00,3.585250000000000381e-01
8.320000000000000000e+02,1.000000000000000000e+00,3.560999999999999721e-01
8.330000000000000000e+02,1.000000000000000000e+00,3.585250000000000381e-01
8.340000000000000000e+02,1.000000000000000000e+00,3.585250000000000381e-01
8.350000000000000000e+02,1.000000000000000000e+00,3.577249999999999597e-01
8.360000000000000000e+02,1.000000000000000000e+00,3.585250000000000381e-01
8.370000000000000000e+02,1.000000000000000000e+00,3.585250000000000381e-01
8.380000000000000000e+02,1.000000000000000000e+00,3.568999999999998840e-01
8.390000000000000000e+02,1.000000000000000000e+00,3.601249999999998619e-01
8.400000000000000000e+02,1.000000000000000000e+00,3.625499999999998724e-01
8.410000000000000000e+02,1.000000000000000000e+00,3.609249999999999403e-01
8.420000000000000000e+02,1.000000000000000000e+00,3.625499999999998724e-01
8.430000000000000000e+02,1.000000000000000000e+00,3.625499999999998724e-01
8.440000000000000000e+02,1.000000000000000000e+00,3.625499999999998724e-01
8.450000000000000000e+02,1.000000000000000000e+00,3.625499999999998724e-01
8.460000000000000000e+02,1.000000000000000000e+00,3.601249999999998619e-01
8.470000000000000000e+02,1.000000000000000000e+00,3.609249999999999403e-01
8.480000000000000000e+02,1.000000000000000000e+00,3.585250000000000381e-01
8.490000000000000000e+02,1.000000000000000000e+00,3.560999999999999721e-01
8.500000000000000000e+02,1.000000000000000000e+00,3.593249999999999500e-01
8.510000000000000000e+02,1.000000000000000000e+00,3.625499999999998724e-01
8.520000000000000000e+02,1.000000000000000000e+00,3.609249999999999403e-01
8.530000000000000000e+02,1.000000000000000000e+00,3.625499999999998724e-01
8.540000000000000000e+02,1.000000000000000000e+00,3.625499999999998724e-01
8.550000000000000000e+02,1.000000000000000000e+00,3.625499999999998724e-01
8.560000000000000000e+02,1.000000000000000000e+00,3.625499999999998724e-01
8.570000000000000000e+02,1.000000000000000000e+00,3.625499999999998724e-01
8.580000000000000000e+02,1.000000000000000000e+00,3.625499999999998724e-01
8.590000000000000000e+02,1.000000000000000000e+00,3.625499999999998724e-01
8.600000000000000000e+02,1.000000000000000000e+00,3.617499999999999605e-01
8.610000000000000000e+02,1.000000000000000000e+00,3.617499999999999605e-01
8.620000000000000000e+02,1.000000000000000000e+00,3.617499999999999605e-01
8.630000000000000000e+02,1.000000000000000000e+00,3.593249999999999500e-01
8.640000000000000000e+02,1.000000000000000000e+00,3.544999999999999818e-01
8.650000000000000000e+02,1.000000000000000000e+00,3.593249999999999500e-01
8.660000000000000000e+02,1.000000000000000000e+00,3.609249999999999403e-01
8.670000000000000000e+02,1.000000000000000000e+00,3.625499999999998724e-01
8.680000000000000000e+02,1.000000000000000000e+00,3.625499999999998724e-01
8.690000000000000000e+02,1.000000000000000000e+00,3.625499999999998724e-01
8.700000000000000000e+02,1.000000000000000000e+00,3.625499999999998724e-01
8.710000000000000000e+02,1.000000000000000000e+00,3.625499999999998724e-01
8.720000000000000000e+02,1.000000000000000000e+00,3.625499999999998724e-01
8.730000000000000000e+02,1.000000000000000000e+00,3.625499999999998724e-01
8.740000000000000000e+02,1.000000000000000000e+00,3.625499999999998724e-01
8.750000000000000000e+02,1.000000000000000000e+00,3.617499999999999605e-01
8.760000000000000000e+02,1.000000000000000000e+00,3.625499999999998724e-01
8.770000000000000000e+02,1.000000000000000000e+00,3.609249999999999403e-01
8.780000000000000000e+02,1.000000000000000000e+00,3.625499999999998724e-01
8.790000000000000000e+02,1.000000000000000000e+00,3.625499999999998724e-01
8.800000000000000000e+02,1.000000000000000000e+00,3.617499999999999605e-01
8.810000000000000000e+02,1.000000000000000000e+00,3.617499999999999605e-01
8.820000000000000000e+02,1.000000000000000000e+00,3.609249999999999403e-01
8.830000000000000000e+02,1.000000000000000000e+00,3.625499999999998724e-01
8.840000000000000000e+02,1.000000000000000000e+00,3.617499999999999605e-01
8.850000000000000000e+02,1.000000000000000000e+00,3.617499999999999605e-01
8.860000000000000000e+02,1.000000000000000000e+00,3.625499999999998724e-01
8.870000000000000000e+02,1.000000000000000000e+00,3.625499999999998724e-01
8.880000000000000000e+02,1.000000000000000000e+00,3.577249999999999597e-01
8.890000000000000000e+02,1.000000000000000000e+00,3.577249999999999597e-01
8.900000000000000000e+02,1.000000000000000000e+00,3.625499999999998724e-01
8.910000000000000000e+02,1.000000000000000000e+00,3.601249999999998619e-01
8.920000000000000000e+02,1.000000000000000000e+00,3.585250000000000381e-01
8.930000000000000000e+02,1.000000000000000000e+00,3.601249999999998619e-01
8.940000000000000000e+02,1.000000000000000000e+00,3.617499999999999605e-01
8.950000000000000000e+02,1.000000000000000000e+00,3.601249999999998619e-01
8.960000000000000000e+02,1.000000000000000000e+00,3.593249999999999500e-01
8.970000000000000000e+02,1.000000000000000000e+00,3.585250000000000381e-01
8.980000000000000000e+02,1.000000000000000000e+00,3.625499999999998724e-01
8.990000000000000000e+02,1.000000000000000000e+00,3.601249999999998619e-01
9.000000000000000000e+02,1.000000000000000000e+00,3.593249999999999500e-01
9.010000000000000000e+02,1.000000000000000000e+00,3.585250000000000381e-01
9.020000000000000000e+02,1.000000000000000000e+00,3.601249999999998619e-01
9.030000000000000000e+02,1.000000000000000000e+00,3.568999999999998840e-01
9.040000000000000000e+02,1.000000000000000000e+00,3.577249999999999597e-01
9.050000000000000000e+02,1.000000000000000000e+00,3.560999999999999721e-01
9.060000000000000000e+02,1.000000000000000000e+00,3.544999999999999818e-01
9.070000000000000000e+02,1.000000000000000000e+00,3.544999999999999818e-01
9.080000000000000000e+02,1.000000000000000000e+00,3.544999999999999818e-01
9.090000000000000000e+02,1.000000000000000000e+00,3.544999999999999818e-01
9.100000000000000000e+02,1.000000000000000000e+00,3.544999999999999818e-01
9.110000000000000000e+02,1.000000000000000000e+00,3.544999999999999818e-01
9.120000000000000000e+02,1.000000000000000000e+00,3.544999999999999818e-01
9.130000000000000000e+02,1.000000000000000000e+00,3.544999999999999818e-01
9.140000000000000000e+02,1.000000000000000000e+00,3.552999999999998937e-01
9.150000000000000000e+02,1.000000000000000000e+00,3.585250000000000381e-01
9.160000000000000000e+02,1.000000000000000000e+00,3.609249999999999403e-01
9.170000000000000000e+02,1.000000000000000000e+00,3.625499999999998724e-01
9.180000000000000000e+02,1.000000000000000000e+00,3.625499999999998724e-01
9.190000000000000000e+02,1.000000000000000000e+00,3.625499999999998724e-01
9.200000000000000000e+02,1.000000000000000000e+00,3.625499999999998724e-01
9.210000000000000000e+02,1.000000000000000000e+00,3.609249999999999403e-01
9.220000000000000000e+02,1.000000000000000000e+00,3.609249999999999403e-01
9.230000000000000000e+02,1.000000000000000000e+00,3.617499999999999605e-01
9.240000000000000000e+02,1.000000000000000000e+00,3.609249999999999403e-01
9.250000000000000000e+02,1.000000000000000000e+00,3.617499999999999605e-01
9.260000000000000000e+02,1.000000000000000000e+00,3.617499999999999605e-01
9.270000000000000000e+02,1.000000000000000000e+00,3.625499999999998724e-01
9.280000000000000000e+02,1.000000000000000000e+00,3.625499999999998724e-01
9.290000000000000000e+02,1.000000000000000000e+00,3.625499999999998724e-01
9.300000000000000000e+02,1.000000000000000000e+00,3.625499999999998724e-01
9.310000000000000000e+02,1.000000000000000000e+00,3.617499999999999605e-01
9.320000000000000000e+02,1.000000000000000000e+00,3.625499999999998724e-01
9.330000000000000000e+02,1.000000000000000000e+00,3.609249999999999403e-01
9.340000000000000000e+02,1.000000000000000000e+00,3.617499999999999605e-01
9.350000000000000000e+02,1.000000000000000000e+00,3.625499999999998724e-01
9.360000000000000000e+02,1.000000000000000000e+00,3.609249999999999403e-01
9.370000000000000000e+02,1.000000000000000000e+00,3.568999999999998840e-01
9.380000000000000000e+02,1.000000000000000000e+00,3.560999999999999721e-01
9.390000000000000000e+02,1.000000000000000000e+00,3.560999999999999721e-01
9.400000000000000000e+02,1.000000000000000000e+00,3.601249999999998619e-01
9.410000000000000000e+02,1.000000000000000000e+00,3.552999999999998937e-01
9.420000000000000000e+02,1.000000000000000000e+00,3.544999999999999818e-01
9.430000000000000000e+02,1.000000000000000000e+00,3.560999999999999721e-01
9.440000000000000000e+02,1.000000000000000000e+00,3.593249999999999500e-01
9.450000000000000000e+02,1.000000000000000000e+00,3.601249999999998619e-01
9.460000000000000000e+02,1.000000000000000000e+00,3.601249999999998619e-01
9.470000000000000000e+02,1.000000000000000000e+00,3.601249999999998619e-01
9.480000000000000000e+02,1.000000000000000000e+00,3.609249999999999403e-01
9.490000000000000000e+02,1.000000000000000000e+00,3.593249999999999500e-01
9.500000000000000000e+02,1.000000000000000000e+00,3.601249999999998619e-01
9.510000000000000000e+02,1.000000000000000000e+00,3.609249999999999403e-01
9.520000000000000000e+02,1.000000000000000000e+00,3.625499999999998724e-01
9.530000000000000000e+02,1.000000000000000000e+00,3.625499999999998724e-01
9.540000000000000000e+02,1.000000000000000000e+00,3.617499999999999605e-01
9.550000000000000000e+02,1.000000000000000000e+00,3.617499999999999605e-01
9.560000000000000000e+02,1.000000000000000000e+00,3.601249999999998619e-01
9.570000000000000000e+02,1.000000000000000000e+00,3.625499999999998724e-01
9.580000000000000000e+02,1.000000000000000000e+00,3.625499999999998724e-01
9.590000000000000000e+02,1.000000000000000000e+00,3.617499999999999605e-01
9.600000000000000000e+02,1.000000000000000000e+00,3.625499999999998724e-01
9.610000000000000000e+02,1.000000000000000000e+00,3.625499999999998724e-01
9.620000000000000000e+02,1.000000000000000000e+00,3.625499999999998724e-01
9.630000000000000000e+02,1.000000000000000000e+00,3.625499999999998724e-01
9.640000000000000000e+02,1.000000000000000000e+00,3.625499999999998724e-01
9.650000000000000000e+02,1.000000000000000000e+00,3.625499999999998724e-01
9.660000000000000000e+02,1.000000000000000000e+00,3.617499999999999605e-01
9.670000000000000000e+02,1.000000000000000000e+00,3.625499999999998724e-01
9.680000000000000000e+02,1.000000000000000000e+00,3.625499999999998724e-01
9.690000000000000000e+02,1.000000000000000000e+00,3.625499999999998724e-01
9.700000000000000000e+02,1.000000000000000000e+00,3.625499999999998724e-01
9.710000000000000000e+02,1.000000000000000000e+00,3.625499999999998724e-01
9.720000000000000000e+02,1.000000000000000000e+00,3.625499999999998724e-01
9.730000000000000000e+02,1.000000000000000000e+00,3.625499999999998724e-01
9.740000000000000000e+02,1.000000000000000000e+00,3.625499999999998724e-01
9.750000000000000000e+02,1.000000000000000000e+00,3.625499999999998724e-01
9.760000000000000000e+02,1.000000000000000000e+00,3.625499999999998724e-01
9.770000000000000000e+02,1.000000000000000000e+00,3.625499999999998724e-01
9.780000000000000000e+02,1.000000000000000000e+00,3.625499999999998724e-01
9.790000000000000000e+02,1.000000000000000000e+00,3.625499999999998724e-01
9.800000000000000000e+02,1.000000000000000000e+00,3.633499999999999508e-01
9.810000000000000000e+02,1.000000000000000000e+00,3.625499999999998724e-01
9.820000000000000000e+02,1.000000000000000000e+00,3.633499999999999508e-01
9.830000000000000000e+02,1.000000000000000000e+00,3.633499999999999508e-01
9.840000000000000000e+02,1.000000000000000000e+00,3.633499999999999508e-01
9.850000000000000000e+02,1.000000000000000000e+00,3.649749999999999384e-01
9.860000000000000000e+02,1.000000000000000000e+00,3.633499999999999508e-01
9.870000000000000000e+02,1.000000000000000000e+00,3.625499999999998724e-01
9.880000000000000000e+02,1.000000000000000000e+00,3.625499999999998724e-01
9.890000000000000000e+02,1.000000000000000000e+00,3.625499999999998724e-01
9.900000000000000000e+02,1.000000000000000000e+00,3.641499999999998627e-01
9.910000000000000000e+02,1.000000000000000000e+00,3.625499999999998724e-01
9.920000000000000000e+02,1.000000000000000000e+00,3.625499999999998724e-01
9.930000000000000000e+02,1.000000000000000000e+00,3.625499999999998724e-01
9.940000000000000000e+02,1.000000000000000000e+00,3.625499999999998724e-01
9.950000000000000000e+02,1.000000000000000000e+00,3.625499999999998724e-01
9.960000000000000000e+02,1.000000000000000000e+00,3.617499999999999605e-01
9.970000000000000000e+02,1.000000000000000000e+00,3.625499999999998724e-01
9.980000000000000000e+02,1.000000000000000000e+00,3.625499999999998724e-01
9.990000000000000000e+02,1.000000000000000000e+00,3.625499999999998724e-01
1.000000000000000000e+03,1.000000000000000000e+00,3.625499999999998724e-01
1.001000000000000000e+03,1.000000000000000000e+00,3.625499999999998724e-01
1.002000000000000000e+03,1.000000000000000000e+00,3.625499999999998724e-01
1.003000000000000000e+03,1.000000000000000000e+00,3.625499999999998724e-01
1.004000000000000000e+03,1.000000000000000000e+00,3.625499999999998724e-01
1.005000000000000000e+03,1.000000000000000000e+00,3.625499999999998724e-01
1.006000000000000000e+03,1.000000000000000000e+00,3.625499999999998724e-01
1.007000000000000000e+03,1.000000000000000000e+00,3.625499999999998724e-01
1.008000000000000000e+03,1.000000000000000000e+00,3.625499999999998724e-01
1.009000000000000000e+03,1.000000000000000000e+00,3.625499999999998724e-01
1.010000000000000000e+03,1.000000000000000000e+00,3.625499999999998724e-01
1.011000000000000000e+03,1.000000000000000000e+00,3.625499999999998724e-01
1.012000000000000000e+03,1.000000000000000000e+00,3.617499999999999605e-01
1.013000000000000000e+03,1.000000000000000000e+00,3.625499999999998724e-01
1.014000000000000000e+03,1.000000000000000000e+00,3.617499999999999605e-01
1.015000000000000000e+03,1.000000000000000000e+00,3.609249999999999403e-01
1.016000000000000000e+03,1.000000000000000000e+00,3.609249999999999403e-01
1.017000000000000000e+03,1.000000000000000000e+00,3.625499999999998724e-01
1.018000000000000000e+03,1.000000000000000000e+00,3.601249999999998619e-01
1.019000000000000000e+03,1.000000000000000000e+00,3.601249999999998619e-01
1.020000000000000000e+03,1.000000000000000000e+00,3.609249999999999403e-01
1.021000000000000000e+03,1.000000000000000000e+00,3.568999999999998840e-01
1.022000000000000000e+03,1.000000000000000000e+00,3.552999999999998937e-01
1.023000000000000000e+03,1.000000000000000000e+00,3.552999999999998937e-01
1.024000000000000000e+03,1.000000000000000000e+00,3.585250000000000381e-01
1.025000000000000000e+03,1.000000000000000000e+00,3.593249999999999500e-01
1.026000000000000000e+03,1.000000000000000000e+00,3.593249999999999500e-01
1.027000000000000000e+03,1.000000000000000000e+00,3.609249999999999403e-01
1.028000000000000000e+03,1.000000000000000000e+00,3.609249999999999403e-01
1.029000000000000000e+03,1.000000000000000000e+00,3.609249999999999403e-01
1.030000000000000000e+03,1.000000000000000000e+00,3.625499999999998724e-01
1.031000000000000000e+03,1.000000000000000000e+00,3.593249999999999500e-01
1.032000000000000000e+03,1.000000000000000000e+00,3.625499999999998724e-01
1.033000000000000000e+03,1.000000000000000000e+00,3.601249999999998619e-01
1.034000000000000000e+03,1.000000000000000000e+00,3.585250000000000381e-01
1.035000000000000000e+03,1.000000000000000000e+00,3.593249999999999500e-01
1.036000000000000000e+03,1.000000000000000000e+00,3.577249999999999597e-01
1.037000000000000000e+03,1.000000000000000000e+00,3.593249999999999500e-01
1.038000000000000000e+03,1.000000000000000000e+00,3.577249999999999597e-01
1.039000000000000000e+03,1.000000000000000000e+00,3.601249999999998619e-01
1.040000000000000000e+03,1.000000000000000000e+00,3.593249999999999500e-01
1.041000000000000000e+03,1.000000000000000000e+00,3.609249999999999403e-01
1.042000000000000000e+03,1.000000000000000000e+00,3.601249999999998619e-01
1.043000000000000000e+03,1.000000000000000000e+00,3.601249999999998619e-01
1.044000000000000000e+03,1.000000000000000000e+00,3.552999999999998937e-01
1.045000000000000000e+03,1.000000000000000000e+00,3.552999999999998937e-01
1.046000000000000000e+03,1.000000000000000000e+00,3.568999999999998840e-01
1.047000000000000000e+03,1.000000000000000000e+00,3.577249999999999597e-01
1.048000000000000000e+03,1.000000000000000000e+00,3.568999999999998840e-01
1.049000000000000000e+03,1.000000000000000000e+00,3.560999999999999721e-01
1.050000000000000000e+03,1.000000000000000000e+00,3.560999999999999721e-01
1.051000000000000000e+03,1.000000000000000000e+00,3.585250000000000381e-01
1.052000000000000000e+03,1.000000000000000000e+00,3.544999999999999818e-01
1.053000000000000000e+03,1.000000000000000000e+00,3.552999999999998937e-01
1.054000000000000000e+03,1.000000000000000000e+00,3.552999999999998937e-01
1.055000000000000000e+03,1.000000000000000000e+00,3.560999999999999721e-01
1.056000000000000000e+03,1.000000000000000000e+00,3.552999999999998937e-01
1.057000000000000000e+03,1.000000000000000000e+00,3.544999999999999818e-01
1.058000000000000000e+03,1.000000000000000000e+00,3.544999999999999818e-01
1.059000000000000000e+03,1.000000000000000000e+00,3.544999999999999818e-01
1.060000000000000000e+03,1.000000000000000000e+00,3.536749999999999616e-01
1.061000000000000000e+03,1.000000000000000000e+00,3.528749999999998832e-01
1.062000000000000000e+03,1.000000000000000000e+00,3.512749999999998929e-01
1.063000000000000000e+03,1.000000000000000000e+00,3.544999999999999818e-01
1.064000000000000000e+03,1.000000000000000000e+00,3.536749999999999616e-01
1.065000000000000000e+03,1.000000000000000000e+00,3.520749999999999713e-01
1.066000000000000000e+03,1.000000000000000000e+00,3.528749999999998832e-01
1.067000000000000000e+03,1.000000000000000000e+00,3.544999999999999818e-01
1.068000000000000000e+03,1.000000000000000000e+00,3.544999999999999818e-01
1.069000000000000000e+03,1.000000000000000000e+00,3.544999999999999818e-01
1.070000000000000000e+03,1.000000000000000000e+00,3.544999999999999818e-01
1.071000000000000000e+03,1.000000000000000000e+00,3.544999999999999818e-01
1.072000000000000000e+03,1.000000000000000000e+00,3.536749999999999616e-01
1.073000000000000000e+03,1.000000000000000000e+00,3.536749999999999616e-01
1.074000000000000000e+03,1.000000000000000000e+00,3.528749999999998832e-01
1.075000000000000000e+03,1.000000000000000000e+00,3.536749999999999616e-01
1.076000000000000000e+03,1.000000000000000000e+00,3.536749999999999616e-01
1.077000000000000000e+03,1.000000000000000000e+00,3.544999999999999818e-01
1.078000000000000000e+03,1.000000000000000000e+00,3.544999999999999818e-01
1.079000000000000000e+03,1.000000000000000000e+00,3.544999999999999818e-01
1.080000000000000000e+03,1.000000000000000000e+00,3.544999999999999818e-01
1.081000000000000000e+03,1.000000000000000000e+00,3.544999999999999818e-01
1.082000000000000000e+03,1.000000000000000000e+00,3.544999999999999818e-01
1.083000000000000000e+03,1.000000000000000000e+00,3.544999999999999818e-01
1.084000000000000000e+03,1.000000000000000000e+00,3.552999999999998937e-01
1.085000000000000000e+03,1.000000000000000000e+00,3.552999999999998937e-01
1.086000000000000000e+03,1.000000000000000000e+00,3.552999999999998937e-01
1.087000000000000000e+03,1.000000000000000000e+00,3.552999999999998937e-01
1.088000000000000000e+03,1.000000000000000000e+00,3.577249999999999597e-01
1.089000000000000000e+03,1.000000000000000000e+00,3.577249999999999597e-01
1.090000000000000000e+03,1.000000000000000000e+00,3.544999999999999818e-01
1.091000000000000000e+03,1.000000000000000000e+00,3.544999999999999818e-01
1.092000000000000000e+03,1.000000000000000000e+00,3.552999999999998937e-01
1.093000000000000000e+03,1.000000000000000000e+00,3.609249999999999403e-01
1.094000000000000000e+03,1.000000000000000000e+00,3.593249999999999500e-01
1.095000000000000000e+03,1.000000000000000000e+00,3.577249999999999597e-01
1.096000000000000000e+03,1.000000000000000000e+00,3.601249999999998619e-01
1.097000000000000000e+03,1.000000000000000000e+00,3.617499999999999605e-01
1.098000000000000000e+03,1.000000000000000000e+00,3.609249999999999403e-01
1.099000000000000000e+03,1.000000000000000000e+00,3.593249999999999500e-01
1.100000000000000000e+03,1.000000000000000000e+00,3.601249999999998619e-01
1.101000000000000000e+03,1.000000000000000000e+00,3.585250000000000381e-01
1.102000000000000000e+03,1.000000000000000000e+00,3.552999999999998937e-01
1.103000000000000000e+03,1.000000000000000000e+00,3.544999999999999818e-01
1.104000000000000000e+03,1.000000000000000000e+00,3.544999999999999818e-01
1.105000000000000000e+03,1.000000000000000000e+00,3.585250000000000381e-01
1.106000000000000000e+03,1.000000000000000000e+00,3.593249999999999500e-01
1.107000000000000000e+03,1.000000000000000000e+00,3.609249999999999403e-01
1.108000000000000000e+03,1.000000000000000000e+00,3.625499999999998724e-01
1.109000000000000000e+03,1.000000000000000000e+00,3.625499999999998724e-01
1.110000000000000000e+03,1.000000000000000000e+00,3.625499999999998724e-01
1.111000000000000000e+03,1.000000000000000000e+00,3.625499999999998724e-01
1.112000000000000000e+03,1.000000000000000000e+00,3.625499999999998724e-01
1.113000000000000000e+03,1.000000000000000000e+00,3.625499999999998724e-01
1.114000000000000000e+03,1.000000000000000000e+00,3.625499999999998724e-01
1.115000000000000000e+03,1.000000000000000000e+00,3.601249999999998619e-01
1.116000000000000000e+03,1.000000000000000000e+00,3.593249999999999500e-01
1.117000000000000000e+03,1.000000000000000000e+00,3.609249999999999403e-01
1.118000000000000000e+03,1.000000000000000000e+00,3.585250000000000381e-01
1.119000000000000000e+03,1.000000000000000000e+00,3.617499999999999605e-01
1.120000000000000000e+03,1.000000000000000000e+00,3.625499999999998724e-01
1.121000000000000000e+03,1.000000000000000000e+00,3.617499999999999605e-01
1.122000000000000000e+03,1.000000000000000000e+00,3.625499999999998724e-01
1.123000000000000000e+03,1.000000000000000000e+00,3.625499999999998724e-01
1.124000000000000000e+03,1.000000000000000000e+00,3.617499999999999605e-01
1.125000000000000000e+03,1.000000000000000000e+00,3.609249999999999403e-01
1.126000000000000000e+03,1.000000000000000000e+00,3.593249999999999500e-01
1.127000000000000000e+03,1.000000000000000000e+00,3.585250000000000381e-01
1.128000000000000000e+03,1.000000000000000000e+00,3.552999999999998937e-01
1.129000000000000000e+03,1.000000000000000000e+00,3.544999999999999818e-01
1.130000000000000000e+03,1.000000000000000000e+00,3.544999999999999818e-01
1.131000000000000000e+03,1.000000000000000000e+00,3.552999999999998937e-01
1.132000000000000000e+03,1.000000000000000000e+00,3.544999999999999818e-01
1.133000000000000000e+03,1.000000000000000000e+00,3.544999999999999818e-01
1.134000000000000000e+03,1.000000000000000000e+00,3.544999999999999818e-01
1.135000000000000000e+03,1.000000000000000000e+00,3.544999999999999818e-01
1.136000000000000000e+03,1.000000000000000000e+00,3.544999999999999818e-01
1.137000000000000000e+03,1.000000000000000000e+00,3.544999999999999818e-01
1.138000000000000000e+03,1.000000000000000000e+00,3.544999999999999818e-01
1.139000000000000000e+03,1.000000000000000000e+00,3.544999999999999818e-01
1.140000000000000000e+03,1.000000000000000000e+00,3.544999999999999818e-01
1.141000000000000000e+03,1.000000000000000000e+00,3.544999999999999818e-01
1.142000000000000000e+03,1.000000000000000000e+00,3.544999999999999818e-01
1.143000000000000000e+03,1.000000000000000000e+00,3.560999999999999721e-01
1.144000000000000000e+03,1.000000000000000000e+00,3.544999999999999818e-01
1.145000000000000000e+03,1.000000000000000000e+00,3.577249999999999597e-01
1.146000000000000000e+03,1.000000000000000000e+00,3.593249999999999500e-01
1.147000000000000000e+03,1.000000000000000000e+00,3.560999999999999721e-01
1.148000000000000000e+03,1.000000000000000000e+00,3.568999999999998840e-01
1.149000000000000000e+03,1.000000000000000000e+00,3.544999999999999818e-01
1.150000000000000000e+03,1.000000000000000000e+00,3.552999999999998937e-01
1.151000000000000000e+03,1.000000000000000000e+00,3.544999999999999818e-01
1.152000000000000000e+03,1.000000000000000000e+00,3.544999999999999818e-01
1.153000000000000000e+03,1.000000000000000000e+00,3.544999999999999818e-01
1.154000000000000000e+03,1.000000000000000000e+00,3.544999999999999818e-01
1.155000000000000000e+03,1.000000000000000000e+00,3.552999999999998937e-01
1.156000000000000000e+03,1.000000000000000000e+00,3.552999999999998937e-01
1.157000000000000000e+03,1.000000000000000000e+00,3.544999999999999818e-01
1.158000000000000000e+03,1.000000000000000000e+00,3.544999999999999818e-01
1.159000000000000000e+03,1.000000000000000000e+00,3.544999999999999818e-01
1.160000000000000000e+03,1.000000000000000000e+00,3.536749999999999616e-01
1.161000000000000000e+03,1.000000000000000000e+00,3.528749999999998832e-01
1.162000000000000000e+03,1.000000000000000000e+00,3.520749999999999713e-01
1.163000000000000000e+03,1.000000000000000000e+00,3.520749999999999713e-01
1.164000000000000000e+03,1.000000000000000000e+00,3.520749999999999713e-01
1.165000000000000000e+03,1.000000000000000000e+00,3.528749999999998832e-01
1.166000000000000000e+03,1.000000000000000000e+00,3.520749999999999713e-01
1.167000000000000000e+03,1.000000000000000000e+00,3.536749999999999616e-01
1.168000000000000000e+03,1.000000000000000000e+00,3.544999999999999818e-01
1.169000000000000000e+03,1.000000000000000000e+00,3.544999999999999818e-01
1.170000000000000000e+03,1.000000000000000000e+00,3.544999999999999818e-01
1.171000000000000000e+03,1.000000000000000000e+00,3.544999999999999818e-01
1.172000000000000000e+03,1.000000000000000000e+00,3.544999999999999818e-01
1.173000000000000000e+03,1.000000000000000000e+00,3.544999999999999818e-01
1.174000000000000000e+03,1.000000000000000000e+00,3.552999999999998937e-01
1.175000000000000000e+03,1.000000000000000000e+00,3.544999999999999818e-01
1.176000000000000000e+03,1.000000000000000000e+00,3.552999999999998937e-01
1.177000000000000000e+03,1.000000000000000000e+00,3.544999999999999818e-01
1.178000000000000000e+03,1.000000000000000000e+00,3.544999999999999818e-01
1.179000000000000000e+03,1.000000000000000000e+00,3.544999999999999818e-01
1.180000000000000000e+03,1.000000000000000000e+00,3.568999999999998840e-01
1.181000000000000000e+03,1.000000000000000000e+00,3.552999999999998937e-01
1.182000000000000000e+03,1.000000000000000000e+00,3.568999999999998840e-01
1.183000000000000000e+03,1.000000000000000000e+00,3.544999999999999818e-01
1.184000000000000000e+03,1.000000000000000000e+00,3.552999999999998937e-01
1.185000000000000000e+03,1.000000000000000000e+00,3.560999999999999721e-01
1.186000000000000000e+03,1.000000000000000000e+00,3.552999999999998937e-01
1.187000000000000000e+03,1.000000000000000000e+00,3.544999999999999818e-01
1.188000000000000000e+03,1.000000000000000000e+00,3.544999999999999818e-01
1.189000000000000000e+03,1.000000000000000000e+00,3.544999999999999818e-01
1.190000000000000000e+03,1.000000000000000000e+00,3.544999999999999818e-01
1.191000000000000000e+03,1.000000000000000000e+00,3.544999999999999818e-01
1.192000000000000000e+03,1.000000000000000000e+00,3.544999999999999818e-01
1.193000000000000000e+03,1.000000000000000000e+00,3.544999999999999818e-01
1.194000000000000000e+03,1.000000000000000000e+00,3.544999999999999818e-01
1.195000000000000000e+03,1.000000000000000000e+00,3.544999999999999818e-01
1.196000000000000000e+03,1.000000000000000000e+00,3.544999999999999818e-01
1.197000000000000000e+03,1.000000000000000000e+00,3.544999999999999818e-01
1.198000000000000000e+03,1.000000000000000000e+00,3.544999999999999818e-01
1.199000000000000000e+03,1.000000000000000000e+00,3.544999999999999818e-01
1.200000000000000000e+03,1.000000000000000000e+00,3.544999999999999818e-01
1.201000000000000000e+03,1.000000000000000000e+00,3.544999999999999818e-01
1.202000000000000000e+03,1.000000000000000000e+00,3.544999999999999818e-01
1.203000000000000000e+03,1.000000000000000000e+00,3.544999999999999818e-01
1.204000000000000000e+03,1.000000000000000000e+00,3.528749999999998832e-01
1.205000000000000000e+03,1.000000000000000000e+00,3.544999999999999818e-01
1.206000000000000000e+03,1.000000000000000000e+00,3.528749999999998832e-01
1.207000000000000000e+03,1.000000000000000000e+00,3.512749999999998929e-01
1.208000000000000000e+03,1.000000000000000000e+00,3.536749999999999616e-01
1.209000000000000000e+03,1.000000000000000000e+00,3.504749999999999810e-01
1.210000000000000000e+03,1.000000000000000000e+00,3.504749999999999810e-01
1.211000000000000000e+03,1.000000000000000000e+00,3.520749999999999713e-01
1.212000000000000000e+03,1.000000000000000000e+00,3.512749999999998929e-01
1.213000000000000000e+03,1.000000000000000000e+00,3.480499999999999150e-01
1.214000000000000000e+03,1.000000000000000000e+00,3.464249999999999829e-01
1.215000000000000000e+03,1.000000000000000000e+00,3.464249999999999829e-01
1.216000000000000000e+03,1.000000000000000000e+00,3.480499999999999150e-01
1.217000000000000000e+03,1.000000000000000000e+00,3.488499999999999934e-01
1.218000000000000000e+03,1.000000000000000000e+00,3.480499999999999150e-01
1.219000000000000000e+03,1.000000000000000000e+00,3.472500000000000031e-01
1.220000000000000000e+03,1.000000000000000000e+00,3.480499999999999150e-01
1.221000000000000000e+03,1.000000000000000000e+00,3.464249999999999829e-01
1.222000000000000000e+03,1.000000000000000000e+00,3.472500000000000031e-01
1.223000000000000000e+03,1.000000000000000000e+00,3.504749999999999810e-01
1.224000000000000000e+03,1.000000000000000000e+00,3.504749999999999810e-01
1.225000000000000000e+03,1.000000000000000000e+00,3.528749999999998832e-01
1.226000000000000000e+03,1.000000000000000000e+00,3.536749999999999616e-01
1.227000000000000000e+03,1.000000000000000000e+00,3.536749999999999616e-01
1.228000000000000000e+03,1.000000000000000000e+00,3.520749999999999713e-01
1.229000000000000000e+03,1.000000000000000000e+00,3.496499999999999053e-01
