tm,DVm,PVm
0.000000000000000000e+00,0.000000000000000000e+00,0.000000000000000000e+00
1.000000000000000000e+00,1.000000000000000000e+00,0.000000000000000000e+00
2.000000000000000000e+00,1.000000000000000000e+00,1.625000000000120706e-03
3.000000000000000000e+00,1.000000000000000000e+00,9.675000000000011716e-03
4.000000000000000000e+00,1.000000000000000000e+00,0.000000000000000000e+00
5.000000000000000000e+00,1.000000000000000000e+00,1.625000000000120706e-03
6.000000000000000000e+00,1.000000000000000000e+00,3.225000000000122300e-03
7.000000000000000000e+00,1.000000000000000000e+00,9.675000000000011716e-03
8.000000000000000000e+00,1.000000000000000000e+00,8.075000000000009254e-03
9.000000000000000000e+00,1.000000000000000000e+00,4.850000000000065196e-03
1.000000000000000000e+01,1.000000000000000000e+00,2.425000000000032598e-03
1.100000000000000000e+01,1.000000000000000000e+00,6.450000000000066791e-03
1.200000000000000000e+01,1.000000000000000000e+00,1.130000000000013285e-02
1.300000000000000000e+01,1.000000000000000000e+00,6.450000000000066791e-03
1.400000000000000000e+01,1.000000000000000000e+00,6.450000000000066791e-03
1.500000000000000000e+01,1.000000000000000000e+00,0.000000000000000000e+00
1.600000000000000000e+01,1.000000000000000000e+00,9.675000000000011716e-03
1.700000000000000000e+01,1.000000000000000000e+00,9.675000000000011716e-03
1.800000000000000000e+01,1.000000000000000000e+00,7.275000000000098228e-03
1.900000000000000000e+01,1.000000000000000000e+00,4.850000000000065196e-03
2.000000000000000000e+01,1.000000000000000000e+00,8.875000000000099823e-03
2.100000000000000000e+01,1.000000000000000000e+00,1.612500000000007677e-02
2.200000000000000000e+01,1.000000000000000000e+00,1.612500000000007677e-02
2.300000000000000000e+01,1.000000000000000000e+00,1.612500000000007677e-02
2.400000000000000000e+01,1.000000000000000000e+00,1.047500000000010055e-02
2.500000000000000000e+01,1.000000000000000000e+00,1.130000000000013285e-02
2.600000000000000000e+01,1.000000000000000000e+00,1.532500000000016661e-02
2.700000000000000000e+01,1.000000000000000000e+00,1.935000000000002343e-02
2.800000000000000000e+01,1.000000000000000000e+00,1.772500000000008097e-02
2.900000000000000000e+01,1.000000000000000000e+00,1.772500000000008097e-02
3.000000000000000000e+01,1.000000000000000000e+00,1.290000000000013358e-02
3.100000000000000000e+01,1.000000000000000000e+00,1.612500000000007677e-02
3.200000000000000000e+01,1.000000000000000000e+00,1.772500000000008097e-02
3.300000000000000000e+01,1.000000000000000000e+00,2.257500000000014356e-02
3.400000000000000000e+01,1.000000000000000000e+00,1.370000000000004547e-02
3.500000000000000000e+01,1.000000000000000000e+00,1.532500000000016661e-02
3.600000000000000000e+01,1.000000000000000000e+00,2.015000000000011227e-02
3.700000000000000000e+01,1.000000000000000000e+00,2.337500000000005546e-02
3.800000000000000000e+01,1.000000000000000000e+00,2.660000000000000211e-02
3.900000000000000000e+01,1.000000000000000000e+00,1.855000000000011154e-02
4.000000000000000000e+01,1.000000000000000000e+00,2.177500000000005473e-02
4.100000000000000000e+01,1.000000000000000000e+00,2.177500000000005473e-02
4.200000000000000000e+01,1.000000000000000000e+00,2.902500000000003341e-02
4.300000000000000000e+01,1.000000000000000000e+00,2.740000000000009095e-02
4.400000000000000000e+01,1.000000000000000000e+00,3.225000000000015354e-02
4.500000000000000000e+01,1.000000000000000000e+00,2.820000000000000284e-02
4.600000000000000000e+01,1.000000000000000000e+00,3.385000000000015774e-02
4.700000000000000000e+01,1.000000000000000000e+00,3.545000000000016194e-02
4.800000000000000000e+01,1.000000000000000000e+00,3.707500000000010093e-02
4.900000000000000000e+01,1.000000000000000000e+00,3.385000000000015774e-02
5.000000000000000000e+01,1.000000000000000000e+00,3.385000000000015774e-02
5.100000000000000000e+01,1.000000000000000000e+00,3.385000000000015774e-02
5.200000000000000000e+01,1.000000000000000000e+00,4.352499999999999425e-02
5.300000000000000000e+01,1.000000000000000000e+00,4.675000000000011091e-02
5.400000000000000000e+01,1.000000000000000000e+00,4.110000000000013642e-02
5.500000000000000000e+01,1.000000000000000000e+00,4.190000000000004832e-02
5.600000000000000000e+01,1.000000000000000000e+00,4.512499999999999151e-02
5.700000000000000000e+01,1.000000000000000000e+00,4.997500000000006104e-02
5.800000000000000000e+01,1.000000000000000000e+00,5.400000000000008959e-02
5.900000000000000000e+01,1.000000000000000000e+00,5.480000000000000149e-02
6.000000000000000000e+01,1.000000000000000000e+00,5.157500000000005830e-02
6.100000000000000000e+01,1.000000000000000000e+00,4.997500000000006104e-02
6.200000000000000000e+01,1.000000000000000000e+00,5.077500000000014641e-02
6.300000000000000000e+01,1.000000000000000000e+00,5.802500000000012509e-02
6.400000000000000000e+01,1.000000000000000000e+00,6.125000000000006828e-02
6.500000000000000000e+01,1.000000000000000000e+00,6.125000000000006828e-02
6.600000000000000000e+01,1.000000000000000000e+00,5.640000000000000568e-02
6.700000000000000000e+01,1.000000000000000000e+00,5.962500000000012929e-02
6.800000000000000000e+01,1.000000000000000000e+00,6.205000000000016058e-02
6.900000000000000000e+01,1.000000000000000000e+00,6.607500000000002260e-02
7.000000000000000000e+01,1.000000000000000000e+00,7.090000000000014346e-02
7.100000000000000000e+01,1.000000000000000000e+00,7.332500000000000129e-02
7.200000000000000000e+01,1.000000000000000000e+00,7.172499999999999709e-02
7.300000000000000000e+01,1.000000000000000000e+00,6.770000000000013507e-02
7.400000000000000000e+01,1.000000000000000000e+00,7.010000000000005116e-02
7.500000000000000000e+01,1.000000000000000000e+00,7.575000000000002565e-02
7.600000000000000000e+01,1.000000000000000000e+00,7.897500000000015619e-02
7.700000000000000000e+01,1.000000000000000000e+00,7.252500000000008940e-02
7.800000000000000000e+01,1.000000000000000000e+00,7.172499999999999709e-02
7.900000000000000000e+01,1.000000000000000000e+00,7.575000000000002565e-02
8.000000000000000000e+01,1.000000000000000000e+00,8.057500000000014651e-02
8.100000000000000000e+01,1.000000000000000000e+00,8.862500000000003708e-02
8.200000000000000000e+01,1.000000000000000000e+00,8.702500000000004676e-02
8.300000000000000000e+01,1.000000000000000000e+00,7.897500000000015619e-02
8.400000000000000000e+01,1.000000000000000000e+00,7.897500000000015619e-02
8.500000000000000000e+01,1.000000000000000000e+00,8.137500000000005840e-02
8.600000000000000000e+01,1.000000000000000000e+00,8.782500000000012519e-02
8.700000000000000000e+01,1.000000000000000000e+00,9.507500000000010387e-02
8.800000000000000000e+01,1.000000000000000000e+00,8.782500000000012519e-02
8.900000000000000000e+01,1.000000000000000000e+00,8.702500000000004676e-02
9.000000000000000000e+01,1.000000000000000000e+00,8.540000000000010083e-02
9.100000000000000000e+01,1.000000000000000000e+00,9.185000000000016762e-02
9.200000000000000000e+01,1.000000000000000000e+00,9.347500000000011355e-02
9.300000000000000000e+01,1.000000000000000000e+00,9.670000000000004980e-02
9.400000000000000000e+01,1.000000000000000000e+00,8.945000000000007112e-02
9.500000000000000000e+01,1.000000000000000000e+00,9.587500000000001577e-02
9.600000000000000000e+01,1.000000000000000000e+00,1.031249999999999944e-01
9.700000000000000000e+01,1.000000000000000000e+00,1.031249999999999944e-01
9.800000000000000000e+01,1.000000000000000000e+00,9.750000000000014211e-02
9.900000000000000000e+01,1.000000000000000000e+00,9.587500000000001577e-02
1.000000000000000000e+02,1.000000000000000000e+00,1.071750000000001590e-01
1.010000000000000000e+02,1.000000000000000000e+00,1.047500000000001208e-01
1.020000000000000000e+02,1.000000000000000000e+00,1.112000000000000072e-01
1.030000000000000000e+02,1.000000000000000000e+00,1.071750000000001590e-01
1.040000000000000000e+02,1.000000000000000000e+00,1.039500000000000285e-01
1.050000000000000000e+02,1.000000000000000000e+00,1.055500000000000327e-01
1.060000000000000000e+02,1.000000000000000000e+00,1.192500000000000782e-01
1.070000000000000000e+02,1.000000000000000000e+00,1.152250000000000496e-01
1.080000000000000000e+02,1.000000000000000000e+00,1.192500000000000782e-01
1.090000000000000000e+02,1.000000000000000000e+00,1.112000000000000072e-01
1.100000000000000000e+02,1.000000000000000000e+00,1.144250000000001377e-01
1.110000000000000000e+02,1.000000000000000000e+00,1.176500000000000740e-01
1.120000000000000000e+02,1.000000000000000000e+00,1.257000000000001450e-01
1.130000000000000000e+02,1.000000000000000000e+00,1.249000000000000526e-01
1.140000000000000000e+02,1.000000000000000000e+00,1.297250000000000070e-01
1.150000000000000000e+02,1.000000000000000000e+00,1.224750000000000283e-01
1.160000000000000000e+02,1.000000000000000000e+00,1.289250000000000951e-01
1.170000000000000000e+02,1.000000000000000000e+00,1.337500000000000355e-01
1.180000000000000000e+02,1.000000000000000000e+00,1.329500000000001236e-01
1.190000000000000000e+02,1.000000000000000000e+00,1.329500000000001236e-01
1.200000000000000000e+02,1.000000000000000000e+00,1.281000000000000472e-01
1.210000000000000000e+02,1.000000000000000000e+00,1.410000000000000142e-01
1.220000000000000000e+02,1.000000000000000000e+00,1.402000000000001023e-01
1.230000000000000000e+02,1.000000000000000000e+00,1.418000000000000926e-01
1.240000000000000000e+02,1.000000000000000000e+00,1.385750000000001703e-01
1.250000000000000000e+02,1.000000000000000000e+00,1.385750000000001703e-01
1.260000000000000000e+02,1.000000000000000000e+00,1.385750000000001703e-01
1.270000000000000000e+02,1.000000000000000000e+00,1.482499999999999929e-01
1.280000000000000000e+02,1.000000000000000000e+00,1.498750000000001192e-01
1.290000000000000000e+02,1.000000000000000000e+00,1.482499999999999929e-01
1.300000000000000000e+02,1.000000000000000000e+00,1.514750000000001096e-01
1.310000000000000000e+02,1.000000000000000000e+00,1.434250000000000524e-01
1.320000000000000000e+02,1.000000000000000000e+00,1.474500000000000810e-01
1.330000000000000000e+02,1.000000000000000000e+00,1.482499999999999929e-01
1.340000000000000000e+02,1.000000000000000000e+00,1.547000000000000597e-01
1.350000000000000000e+02,1.000000000000000000e+00,1.579250000000000098e-01
1.360000000000000000e+02,1.000000000000000000e+00,1.579250000000000098e-01
1.370000000000000000e+02,1.000000000000000000e+00,1.531000000000000694e-01
1.380000000000000000e+02,1.000000000000000000e+00,1.514750000000001096e-01
1.390000000000000000e+02,1.000000000000000000e+00,1.563000000000000500e-01
1.400000000000000000e+02,1.000000000000000000e+00,1.619500000000000384e-01
1.410000000000000000e+02,1.000000000000000000e+00,1.611500000000001265e-01
1.420000000000000000e+02,1.000000000000000000e+00,1.563000000000000500e-01
1.430000000000000000e+02,1.000000000000000000e+00,1.659750000000000669e-01
1.440000000000000000e+02,1.000000000000000000e+00,1.659750000000000669e-01
1.450000000000000000e+02,1.000000000000000000e+00,1.611500000000001265e-01
1.460000000000000000e+02,1.000000000000000000e+00,1.595250000000000001e-01
1.470000000000000000e+02,1.000000000000000000e+00,1.611500000000001265e-01
1.480000000000000000e+02,1.000000000000000000e+00,1.684000000000001052e-01
1.490000000000000000e+02,1.000000000000000000e+00,1.740250000000001518e-01
1.500000000000000000e+02,1.000000000000000000e+00,1.724250000000001337e-01
1.510000000000000000e+02,1.000000000000000000e+00,1.627500000000001168e-01
1.520000000000000000e+02,1.000000000000000000e+00,1.676000000000000267e-01
1.530000000000000000e+02,1.000000000000000000e+00,1.692000000000000171e-01
1.540000000000000000e+02,1.000000000000000000e+00,1.756500000000000838e-01
1.550000000000000000e+02,1.000000000000000000e+00,1.708250000000001434e-01
1.560000000000000000e+02,1.000000000000000000e+00,1.732250000000000456e-01
1.570000000000000000e+02,1.000000000000000000e+00,1.684000000000001052e-01
1.580000000000000000e+02,1.000000000000000000e+00,1.772500000000000742e-01
1.590000000000000000e+02,1.000000000000000000e+00,1.829000000000000625e-01
1.600000000000000000e+02,1.000000000000000000e+00,1.772500000000000742e-01
1.610000000000000000e+02,1.000000000000000000e+00,1.772500000000000742e-01
1.620000000000000000e+02,1.000000000000000000e+00,1.740250000000001518e-01
1.630000000000000000e+02,1.000000000000000000e+00,1.821000000000001506e-01
1.640000000000000000e+02,1.000000000000000000e+00,1.812750000000001305e-01
1.650000000000000000e+02,1.000000000000000000e+00,1.740250000000001518e-01
1.660000000000000000e+02,1.000000000000000000e+00,1.821000000000001506e-01
1.670000000000000000e+02,1.000000000000000000e+00,1.845000000000000528e-01
1.680000000000000000e+02,1.000000000000000000e+00,1.933750000000001579e-01
1.690000000000000000e+02,1.000000000000000000e+00,1.869250000000000911e-01
1.700000000000000000e+02,1.000000000000000000e+00,1.869250000000000911e-01
1.710000000000000000e+02,1.000000000000000000e+00,1.788750000000000340e-01
1.720000000000000000e+02,1.000000000000000000e+00,1.893500000000001293e-01
1.730000000000000000e+02,1.000000000000000000e+00,2.006250000000001366e-01
1.740000000000000000e+02,1.000000000000000000e+00,1.885250000000001092e-01
1.750000000000000000e+02,1.000000000000000000e+00,1.982000000000000983e-01
1.760000000000000000e+02,1.000000000000000000e+00,1.885250000000001092e-01
1.770000000000000000e+02,1.000000000000000000e+00,1.917500000000000315e-01
1.780000000000000000e+02,1.000000000000000000e+00,2.006250000000001366e-01
1.790000000000000000e+02,1.000000000000000000e+00,2.014250000000000485e-01
1.800000000000000000e+02,1.000000000000000000e+00,1.966000000000001080e-01
1.810000000000000000e+02,1.000000000000000000e+00,1.885250000000001092e-01
1.820000000000000000e+02,1.000000000000000000e+00,1.974000000000000199e-01
1.830000000000000000e+02,1.000000000000000000e+00,1.982000000000000983e-01
1.840000000000000000e+02,1.000000000000000000e+00,1.917500000000000315e-01
1.850000000000000000e+02,1.000000000000000000e+00,1.917500000000000315e-01
1.860000000000000000e+02,1.000000000000000000e+00,1.933750000000001579e-01
1.870000000000000000e+02,1.000000000000000000e+00,1.998250000000000581e-01
1.880000000000000000e+02,1.000000000000000000e+00,1.949750000000001759e-01
1.890000000000000000e+02,1.000000000000000000e+00,1.901500000000000412e-01
1.900000000000000000e+02,1.000000000000000000e+00,1.933750000000001579e-01
1.910000000000000000e+02,1.000000000000000000e+00,1.933750000000001579e-01
1.920000000000000000e+02,1.000000000000000000e+00,1.990000000000000102e-01
1.930000000000000000e+02,1.000000000000000000e+00,1.925750000000000794e-01
1.940000000000000000e+02,1.000000000000000000e+00,1.901500000000000412e-01
1.950000000000000000e+02,1.000000000000000000e+00,1.998250000000000581e-01
1.960000000000000000e+02,1.000000000000000000e+00,1.966000000000001080e-01
1.970000000000000000e+02,1.000000000000000000e+00,1.949750000000001759e-01
1.980000000000000000e+02,1.000000000000000000e+00,1.909500000000001196e-01
1.990000000000000000e+02,1.000000000000000000e+00,1.925750000000000794e-01
2.000000000000000000e+02,1.000000000000000000e+00,2.014250000000000485e-01
2.010000000000000000e+02,1.000000000000000000e+00,1.966000000000001080e-01
2.020000000000000000e+02,1.000000000000000000e+00,1.974000000000000199e-01
2.030000000000000000e+02,1.000000000000000000e+00,1.909500000000001196e-01
2.040000000000000000e+02,1.000000000000000000e+00,2.038500000000000867e-01
2.050000000000000000e+02,1.000000000000000000e+00,2.062499999999999889e-01
2.060000000000000000e+02,1.000000000000000000e+00,2.014250000000000485e-01
2.070000000000000000e+02,1.000000000000000000e+00,2.014250000000000485e-01
2.080000000000000000e+02,1.000000000000000000e+00,2.030500000000000083e-01
2.090000000000000000e+02,1.000000000000000000e+00,2.078750000000001152e-01
2.100000000000000000e+02,1.000000000000000000e+00,2.038500000000000867e-01
2.110000000000000000e+02,1.000000000000000000e+00,2.046499999999999986e-01
2.120000000000000000e+02,1.000000000000000000e+00,1.982000000000000983e-01
2.130000000000000000e+02,1.000000000000000000e+00,2.014250000000000485e-01
2.140000000000000000e+02,1.000000000000000000e+00,2.046499999999999986e-01
2.150000000000000000e+02,1.000000000000000000e+00,2.030500000000000083e-01
2.160000000000000000e+02,1.000000000000000000e+00,2.014250000000000485e-01
2.170000000000000000e+02,1.000000000000000000e+00,1.990000000000000102e-01
2.180000000000000000e+02,1.000000000000000000e+00,2.094750000000001333e-01
2.190000000000000000e+02,1.000000000000000000e+00,2.127000000000000557e-01
2.200000000000000000e+02,1.000000000000000000e+00,2.094750000000001333e-01
2.210000000000000000e+02,1.000000000000000000e+00,2.103000000000001535e-01
2.220000000000000000e+02,1.000000000000000000e+00,2.167250000000001120e-01
2.230000000000000000e+02,1.000000000000000000e+00,2.183500000000000441e-01
2.240000000000000000e+02,1.000000000000000000e+00,2.175500000000001322e-01
2.250000000000000000e+02,1.000000000000000000e+00,2.167250000000001120e-01
2.260000000000000000e+02,1.000000000000000000e+00,2.239750000000000907e-01
2.270000000000000000e+02,1.000000000000000000e+00,2.320500000000000895e-01
2.280000000000000000e+02,1.000000000000000000e+00,2.231749999999999845e-01
2.290000000000000000e+02,1.000000000000000000e+00,2.239750000000000907e-01
2.300000000000000000e+02,1.000000000000000000e+00,2.336500000000000798e-01
2.310000000000000000e+02,1.000000000000000000e+00,2.288250000000001394e-01
2.320000000000000000e+02,1.000000000000000000e+00,2.272000000000000131e-01
2.330000000000000000e+02,1.000000000000000000e+00,2.352750000000000397e-01
2.340000000000000000e+02,1.000000000000000000e+00,2.360750000000001181e-01
2.350000000000000000e+02,1.000000000000000000e+00,2.320500000000000895e-01
2.360000000000000000e+02,1.000000000000000000e+00,2.296250000000000513e-01
2.370000000000000000e+02,1.000000000000000000e+00,2.320500000000000895e-01
2.380000000000000000e+02,1.000000000000000000e+00,2.401000000000001466e-01
2.390000000000000000e+02,1.000000000000000000e+00,2.336500000000000798e-01
2.400000000000000000e+02,1.000000000000000000e+00,2.320500000000000895e-01
2.410000000000000000e+02,1.000000000000000000e+00,2.344499999999999917e-01
2.420000000000000000e+02,1.000000000000000000e+00,2.385000000000001563e-01
2.430000000000000000e+02,1.000000000000000000e+00,2.344499999999999917e-01
2.440000000000000000e+02,1.000000000000000000e+00,2.328500000000000014e-01
2.450000000000000000e+02,1.000000000000000000e+00,2.312250000000000694e-01
2.460000000000000000e+02,1.000000000000000000e+00,2.441250000000000087e-01
2.470000000000000000e+02,1.000000000000000000e+00,2.409000000000000585e-01
2.480000000000000000e+02,1.000000000000000000e+00,2.417000000000001647e-01
2.490000000000000000e+02,1.000000000000000000e+00,2.360750000000001181e-01
2.500000000000000000e+02,1.000000000000000000e+00,2.409000000000000585e-01
2.510000000000000000e+02,1.000000000000000000e+00,2.465500000000000469e-01
2.520000000000000000e+02,1.000000000000000000e+00,2.417000000000001647e-01
2.530000000000000000e+02,1.000000000000000000e+00,2.401000000000001466e-01
2.540000000000000000e+02,1.000000000000000000e+00,2.385000000000001563e-01
2.550000000000000000e+02,1.000000000000000000e+00,2.473500000000001253e-01
2.560000000000000000e+02,1.000000000000000000e+00,2.521750000000000935e-01
2.570000000000000000e+02,1.000000000000000000e+00,2.441250000000000087e-01
2.580000000000000000e+02,1.000000000000000000e+00,2.481500000000000372e-01
2.590000000000000000e+02,1.000000000000000000e+00,2.530000000000001137e-01
2.600000000000000000e+02,1.000000000000000000e+00,2.562250000000000361e-01
2.610000000000000000e+02,1.000000000000000000e+00,2.497749999999999970e-01
2.620000000000000000e+02,1.000000000000000000e+00,2.457500000000001350e-01
2.630000000000000000e+02,1.000000000000000000e+00,2.538000000000000256e-01
2.640000000000000000e+02,1.000000000000000000e+00,2.610500000000000043e-01
2.650000000000000000e+02,1.000000000000000000e+00,2.618500000000000827e-01
2.660000000000000000e+02,1.000000000000000000e+00,2.578250000000000819e-01
2.670000000000000000e+02,1.000000000000000000e+00,2.562250000000000361e-01
2.680000000000000000e+02,1.000000000000000000e+00,2.546000000000001040e-01
2.690000000000000000e+02,1.000000000000000000e+00,2.634750000000000147e-01
2.700000000000000000e+02,1.000000000000000000e+00,2.675000000000000711e-01
2.710000000000000000e+02,1.000000000000000000e+00,2.610500000000000043e-01
2.720000000000000000e+02,1.000000000000000000e+00,2.586250000000001603e-01
2.730000000000000000e+02,1.000000000000000000e+00,2.602500000000000924e-01
2.740000000000000000e+02,1.000000000000000000e+00,2.675000000000000711e-01
2.750000000000000000e+02,1.000000000000000000e+00,2.691000000000000614e-01
2.760000000000000000e+02,1.000000000000000000e+00,2.658750000000001390e-01
2.770000000000000000e+02,1.000000000000000000e+00,2.626499999999999946e-01
2.780000000000000000e+02,1.000000000000000000e+00,2.634750000000000147e-01
2.790000000000000000e+02,1.000000000000000000e+00,2.707249999999999934e-01
2.800000000000000000e+02,1.000000000000000000e+00,2.642750000000001487e-01
2.810000000000000000e+02,1.000000000000000000e+00,2.610500000000000043e-01
2.820000000000000000e+02,1.000000000000000000e+00,2.650750000000000606e-01
2.830000000000000000e+02,1.000000000000000000e+00,2.683000000000001495e-01
2.840000000000000000e+02,1.000000000000000000e+00,2.675000000000000711e-01
2.850000000000000000e+02,1.000000000000000000e+00,2.650750000000000606e-01
2.860000000000000000e+02,1.000000000000000000e+00,2.594250000000000722e-01
2.870000000000000000e+02,1.000000000000000000e+00,2.562250000000000361e-01
2.880000000000000000e+02,1.000000000000000000e+00,2.731250000000001177e-01
2.890000000000000000e+02,1.000000000000000000e+00,2.658750000000001390e-01
2.900000000000000000e+02,1.000000000000000000e+00,2.650750000000000606e-01
2.910000000000000000e+02,1.000000000000000000e+00,2.578250000000000819e-01
2.920000000000000000e+02,1.000000000000000000e+00,2.658750000000001390e-01
2.930000000000000000e+02,1.000000000000000000e+00,2.699000000000001398e-01
2.940000000000000000e+02,1.000000000000000000e+00,2.723250000000000393e-01
2.950000000000000000e+02,1.000000000000000000e+00,2.650750000000000606e-01
2.960000000000000000e+02,1.000000000000000000e+00,2.675000000000000711e-01
2.970000000000000000e+02,1.000000000000000000e+00,2.602500000000000924e-01
2.980000000000000000e+02,1.000000000000000000e+00,2.675000000000000711e-01
2.990000000000000000e+02,1.000000000000000000e+00,2.675000000000000711e-01
3.000000000000000000e+02,1.000000000000000000e+00,2.675000000000000711e-01
3.010000000000000000e+02,1.000000000000000000e+00,2.658750000000001390e-01
3.020000000000000000e+02,1.000000000000000000e+00,2.715250000000001274e-01
3.030000000000000000e+02,1.000000000000000000e+00,2.795750000000000179e-01
3.040000000000000000e+02,1.000000000000000000e+00,2.771500000000001185e-01
3.050000000000000000e+02,1.000000000000000000e+00,2.707249999999999934e-01
3.060000000000000000e+02,1.000000000000000000e+00,2.739500000000001378e-01
3.070000000000000000e+02,1.000000000000000000e+00,2.787750000000001060e-01
3.080000000000000000e+02,1.000000000000000000e+00,2.747500000000000497e-01
3.090000000000000000e+02,1.000000000000000000e+00,2.747500000000000497e-01
3.100000000000000000e+02,1.000000000000000000e+00,2.707249999999999934e-01
3.110000000000000000e+02,1.000000000000000000e+00,2.779749999999999721e-01
3.120000000000000000e+02,1.000000000000000000e+00,2.820000000000000284e-01
3.130000000000000000e+02,1.000000000000000000e+00,2.779749999999999721e-01
3.140000000000000000e+02,1.000000000000000000e+00,2.763500000000000401e-01
3.150000000000000000e+02,1.000000000000000000e+00,2.787750000000001060e-01
3.160000000000000000e+02,1.000000000000000000e+00,2.852250000000001728e-01
3.170000000000000000e+02,1.000000000000000000e+00,2.812000000000001165e-01
3.180000000000000000e+02,1.000000000000000000e+00,2.779749999999999721e-01
3.190000000000000000e+02,1.000000000000000000e+00,2.820000000000000284e-01
3.200000000000000000e+02,1.000000000000000000e+00,2.836000000000000187e-01
3.210000000000000000e+02,1.000000000000000000e+00,2.868250000000001632e-01
3.220000000000000000e+02,1.000000000000000000e+00,2.787750000000001060e-01
3.230000000000000000e+02,1.000000000000000000e+00,2.803750000000000964e-01
3.240000000000000000e+02,1.000000000000000000e+00,2.868250000000001632e-01
3.250000000000000000e+02,1.000000000000000000e+00,2.892500000000000071e-01
3.260000000000000000e+02,1.000000000000000000e+00,2.876250000000000751e-01
3.270000000000000000e+02,1.000000000000000000e+00,2.803750000000000964e-01
3.280000000000000000e+02,1.000000000000000000e+00,2.852250000000001728e-01
3.290000000000000000e+02,1.000000000000000000e+00,2.860250000000000847e-01
3.300000000000000000e+02,1.000000000000000000e+00,2.948750000000002203e-01
3.310000000000000000e+02,1.000000000000000000e+00,2.924750000000001515e-01
3.320000000000000000e+02,1.000000000000000000e+00,2.908500000000001640e-01
3.330000000000000000e+02,1.000000000000000000e+00,2.828000000000001068e-01
3.340000000000000000e+02,1.000000000000000000e+00,2.860250000000000847e-01
3.350000000000000000e+02,1.000000000000000000e+00,2.900499999999999190e-01
3.360000000000000000e+02,1.000000000000000000e+00,2.948750000000002203e-01
3.370000000000000000e+02,1.000000000000000000e+00,2.852250000000001728e-01
3.380000000000000000e+02,1.000000000000000000e+00,2.876250000000000751e-01
3.390000000000000000e+02,1.000000000000000000e+00,2.852250000000001728e-01
3.400000000000000000e+02,1.000000000000000000e+00,2.916500000000000759e-01
3.410000000000000000e+02,1.000000000000000000e+00,2.957000000000002404e-01
3.420000000000000000e+02,1.000000000000000000e+00,2.836000000000000187e-01
3.430000000000000000e+02,1.000000000000000000e+00,2.820000000000000284e-01
3.440000000000000000e+02,1.000000000000000000e+00,2.828000000000001068e-01
3.450000000000000000e+02,1.000000000000000000e+00,2.948750000000002203e-01
3.460000000000000000e+02,1.000000000000000000e+00,2.916500000000000759e-01
3.470000000000000000e+02,1.000000000000000000e+00,2.884500000000000952e-01
3.480000000000000000e+02,1.000000000000000000e+00,2.795750000000000179e-01
3.490000000000000000e+02,1.000000000000000000e+00,2.844000000000000972e-01
3.500000000000000000e+02,1.000000000000000000e+00,2.916500000000000759e-01
3.510000000000000000e+02,1.000000000000000000e+00,2.900499999999999190e-01
3.520000000000000000e+02,1.000000000000000000e+00,2.828000000000001068e-01
3.530000000000000000e+02,1.000000000000000000e+00,2.787750000000001060e-01
3.540000000000000000e+02,1.000000000000000000e+00,2.787750000000001060e-01
3.550000000000000000e+02,1.000000000000000000e+00,2.852250000000001728e-01
3.560000000000000000e+02,1.000000000000000000e+00,2.948750000000002203e-01
3.570000000000000000e+02,1.000000000000000000e+00,2.932750000000000634e-01
3.580000000000000000e+02,1.000000000000000000e+00,2.860250000000000847e-01
3.590000000000000000e+02,1.000000000000000000e+00,2.860250000000000847e-01
3.600000000000000000e+02,1.000000000000000000e+00,2.836000000000000187e-01
3.610000000000000000e+02,1.000000000000000000e+00,2.908500000000001640e-01
3.620000000000000000e+02,1.000000000000000000e+00,2.900499999999999190e-01
3.630000000000000000e+02,1.000000000000000000e+00,2.980999999999999761e-01
3.640000000000000000e+02,1.000000000000000000e+00,2.876250000000000751e-01
3.650000000000000000e+02,1.000000000000000000e+00,2.852250000000001728e-01
3.660000000000000000e+02,1.000000000000000000e+00,2.900499999999999190e-01
3.670000000000000000e+02,1.000000000000000000e+00,2.948750000000002203e-01
3.680000000000000000e+02,1.000000000000000000e+00,2.948750000000002203e-01
3.690000000000000000e+02,1.000000000000000000e+00,2.916500000000000759e-01
3.700000000000000000e+02,1.000000000000000000e+00,2.868250000000001632e-01
3.710000000000000000e+02,1.000000000000000000e+00,2.884500000000000952e-01
3.720000000000000000e+02,1.000000000000000000e+00,2.852250000000001728e-01
3.730000000000000000e+02,1.000000000000000000e+00,2.948750000000002203e-01
3.740000000000000000e+02,1.000000000000000000e+00,2.932750000000000634e-01
3.750000000000000000e+02,1.000000000000000000e+00,2.957000000000002404e-01
3.760000000000000000e+02,1.000000000000000000e+00,2.940749999999999753e-01
3.770000000000000000e+02,1.000000000000000000e+00,2.884500000000000952e-01
3.780000000000000000e+02,1.000000000000000000e+00,2.892500000000000071e-01
3.790000000000000000e+02,1.000000000000000000e+00,2.948750000000002203e-01
3.800000000000000000e+02,1.000000000000000000e+00,2.965000000000001523e-01
3.810000000000000000e+02,1.000000000000000000e+00,2.965000000000001523e-01
3.820000000000000000e+02,1.000000000000000000e+00,2.876250000000000751e-01
3.830000000000000000e+02,1.000000000000000000e+00,2.932750000000000634e-01
3.840000000000000000e+02,1.000000000000000000e+00,2.973000000000000642e-01
3.850000000000000000e+02,1.000000000000000000e+00,2.989249999999999963e-01
3.860000000000000000e+02,1.000000000000000000e+00,2.884500000000000952e-01
3.870000000000000000e+02,1.000000000000000000e+00,2.876250000000000751e-01
3.880000000000000000e+02,1.000000000000000000e+00,2.973000000000000642e-01
3.890000000000000000e+02,1.000000000000000000e+00,2.989249999999999963e-01
3.900000000000000000e+02,1.000000000000000000e+00,2.973000000000000642e-01
3.910000000000000000e+02,1.000000000000000000e+00,2.876250000000000751e-01
3.920000000000000000e+02,1.000000000000000000e+00,2.924750000000001515e-01
3.930000000000000000e+02,1.000000000000000000e+00,3.013250000000001205e-01
3.940000000000000000e+02,1.000000000000000000e+00,2.948750000000002203e-01
3.950000000000000000e+02,1.000000000000000000e+00,2.924750000000001515e-01
3.960000000000000000e+02,1.000000000000000000e+00,2.965000000000001523e-01
3.970000000000000000e+02,1.000000000000000000e+00,2.980999999999999761e-01
3.980000000000000000e+02,1.000000000000000000e+00,3.021250000000000324e-01
3.990000000000000000e+02,1.000000000000000000e+00,2.948750000000002203e-01
4.000000000000000000e+02,1.000000000000000000e+00,2.908500000000001640e-01
4.010000000000000000e+02,1.000000000000000000e+00,2.868250000000001632e-01
4.020000000000000000e+02,1.000000000000000000e+00,3.029500000000000526e-01
4.030000000000000000e+02,1.000000000000000000e+00,2.997249999999999082e-01
4.040000000000000000e+02,1.000000000000000000e+00,3.029500000000000526e-01
4.050000000000000000e+02,1.000000000000000000e+00,2.980999999999999761e-01
4.060000000000000000e+02,1.000000000000000000e+00,2.948750000000002203e-01
4.070000000000000000e+02,1.000000000000000000e+00,2.948750000000002203e-01
4.080000000000000000e+02,1.000000000000000000e+00,3.029500000000000526e-01
4.090000000000000000e+02,1.000000000000000000e+00,3.029500000000000526e-01
4.100000000000000000e+02,1.000000000000000000e+00,3.013250000000001205e-01
4.110000000000000000e+02,1.000000000000000000e+00,2.932750000000000634e-01
4.120000000000000000e+02,1.000000000000000000e+00,3.005250000000002086e-01
4.130000000000000000e+02,1.000000000000000000e+00,2.997249999999999082e-01
4.140000000000000000e+02,1.000000000000000000e+00,3.029500000000000526e-01
4.150000000000000000e+02,1.000000000000000000e+00,2.997249999999999082e-01
4.160000000000000000e+02,1.000000000000000000e+00,2.980999999999999761e-01
4.170000000000000000e+02,1.000000000000000000e+00,3.093750000000001776e-01
4.180000000000000000e+02,1.000000000000000000e+00,3.077750000000000208e-01
4.190000000000000000e+02,1.000000000000000000e+00,3.110000000000001097e-01
4.200000000000000000e+02,1.000000000000000000e+00,3.045500000000002094e-01
4.210000000000000000e+02,1.000000000000000000e+00,3.085749999999999327e-01
4.220000000000000000e+02,1.000000000000000000e+00,3.150250000000001660e-01
4.230000000000000000e+02,1.000000000000000000e+00,3.206750000000001544e-01
4.240000000000000000e+02,1.000000000000000000e+00,3.166500000000000981e-01
4.250000000000000000e+02,1.000000000000000000e+00,3.166500000000000981e-01
4.260000000000000000e+02,1.000000000000000000e+00,3.134249999999999536e-01
4.270000000000000000e+02,1.000000000000000000e+00,3.061750000000001970e-01
4.280000000000000000e+02,1.000000000000000000e+00,3.077750000000000208e-01
4.290000000000000000e+02,1.000000000000000000e+00,3.085749999999999327e-01
4.300000000000000000e+02,1.000000000000000000e+00,3.182499999999999218e-01
4.310000000000000000e+02,1.000000000000000000e+00,3.158250000000000779e-01
4.320000000000000000e+02,1.000000000000000000e+00,3.190500000000001668e-01
4.330000000000000000e+02,1.000000000000000000e+00,3.077750000000000208e-01
4.340000000000000000e+02,1.000000000000000000e+00,3.102000000000001978e-01
4.350000000000000000e+02,1.000000000000000000e+00,3.150250000000001660e-01
4.360000000000000000e+02,1.000000000000000000e+00,3.190500000000001668e-01
4.370000000000000000e+02,1.000000000000000000e+00,3.125999999999999335e-01
4.380000000000000000e+02,1.000000000000000000e+00,3.045500000000002094e-01
4.390000000000000000e+02,1.000000000000000000e+00,3.037499999999999645e-01
4.400000000000000000e+02,1.000000000000000000e+00,3.077750000000000208e-01
4.410000000000000000e+02,1.000000000000000000e+00,3.125999999999999335e-01
4.420000000000000000e+02,1.000000000000000000e+00,3.102000000000001978e-01
4.430000000000000000e+02,1.000000000000000000e+00,3.053500000000001213e-01
4.440000000000000000e+02,1.000000000000000000e+00,3.045500000000002094e-01
4.450000000000000000e+02,1.000000000000000000e+00,3.029500000000000526e-01
4.460000000000000000e+02,1.000000000000000000e+00,3.110000000000001097e-01
4.470000000000000000e+02,1.000000000000000000e+00,3.093750000000001776e-01
4.480000000000000000e+02,1.000000000000000000e+00,3.125999999999999335e-01
4.490000000000000000e+02,1.000000000000000000e+00,3.093750000000001776e-01
4.500000000000000000e+02,1.000000000000000000e+00,3.069750000000001089e-01
4.510000000000000000e+02,1.000000000000000000e+00,3.053500000000001213e-01
4.520000000000000000e+02,1.000000000000000000e+00,3.037499999999999645e-01
4.530000000000000000e+02,1.000000000000000000e+00,3.134249999999999536e-01
4.540000000000000000e+02,1.000000000000000000e+00,3.118000000000000216e-01
4.550000000000000000e+02,1.000000000000000000e+00,3.150250000000001660e-01
4.560000000000000000e+02,1.000000000000000000e+00,3.158250000000000779e-01
4.570000000000000000e+02,1.000000000000000000e+00,3.125999999999999335e-01
4.580000000000000000e+02,1.000000000000000000e+00,3.085749999999999327e-01
4.590000000000000000e+02,1.000000000000000000e+00,3.150250000000001660e-01
4.600000000000000000e+02,1.000000000000000000e+00,3.158250000000000779e-01
4.610000000000000000e+02,1.000000000000000000e+00,3.190500000000001668e-01
4.620000000000000000e+02,1.000000000000000000e+00,3.125999999999999335e-01
4.630000000000000000e+02,1.000000000000000000e+00,3.102000000000001978e-01
4.640000000000000000e+02,1.000000000000000000e+00,3.118000000000000216e-01
4.650000000000000000e+02,1.000000000000000000e+00,3.222749999999999782e-01
4.660000000000000000e+02,1.000000000000000000e+00,3.142250000000002541e-01
4.670000000000000000e+02,1.000000000000000000e+00,3.134249999999999536e-01
4.680000000000000000e+02,1.000000000000000000e+00,3.102000000000001978e-01
4.690000000000000000e+02,1.000000000000000000e+00,3.158250000000000779e-01
4.700000000000000000e+02,1.000000000000000000e+00,3.174500000000000099e-01
4.710000000000000000e+02,1.000000000000000000e+00,3.174500000000000099e-01
4.720000000000000000e+02,1.000000000000000000e+00,3.125999999999999335e-01
4.730000000000000000e+02,1.000000000000000000e+00,3.150250000000001660e-01
4.740000000000000000e+02,1.000000000000000000e+00,3.085749999999999327e-01
4.750000000000000000e+02,1.000000000000000000e+00,3.142250000000002541e-01
4.760000000000000000e+02,1.000000000000000000e+00,3.198500000000000787e-01
4.770000000000000000e+02,1.000000000000000000e+00,3.182499999999999218e-01
4.780000000000000000e+02,1.000000000000000000e+00,3.093750000000001776e-01
4.790000000000000000e+02,1.000000000000000000e+00,3.069750000000001089e-01
4.800000000000000000e+02,1.000000000000000000e+00,2.997249999999999082e-01
4.810000000000000000e+02,1.000000000000000000e+00,3.077750000000000208e-01
4.820000000000000000e+02,1.000000000000000000e+00,3.118000000000000216e-01
4.830000000000000000e+02,1.000000000000000000e+00,3.118000000000000216e-01
4.840000000000000000e+02,1.000000000000000000e+00,3.134249999999999536e-01
4.850000000000000000e+02,1.000000000000000000e+00,3.085749999999999327e-01
4.860000000000000000e+02,1.000000000000000000e+00,3.045500000000002094e-01
4.870000000000000000e+02,1.000000000000000000e+00,3.085749999999999327e-01
4.880000000000000000e+02,1.000000000000000000e+00,3.118000000000000216e-01
4.890000000000000000e+02,1.000000000000000000e+00,3.110000000000001097e-01
4.900000000000000000e+02,1.000000000000000000e+00,3.029500000000000526e-01
4.910000000000000000e+02,1.000000000000000000e+00,3.045500000000002094e-01
4.920000000000000000e+02,1.000000000000000000e+00,3.029500000000000526e-01
4.930000000000000000e+02,1.000000000000000000e+00,3.125999999999999335e-01
4.940000000000000000e+02,1.000000000000000000e+00,3.077750000000000208e-01
4.950000000000000000e+02,1.000000000000000000e+00,3.093750000000001776e-01
4.960000000000000000e+02,1.000000000000000000e+00,3.013250000000001205e-01
4.970000000000000000e+02,1.000000000000000000e+00,3.045500000000002094e-01
4.980000000000000000e+02,1.000000000000000000e+00,3.061750000000001970e-01
4.990000000000000000e+02,1.000000000000000000e+00,3.093750000000001776e-01
5.000000000000000000e+02,1.000000000000000000e+00,3.125999999999999335e-01
5.010000000000000000e+02,1.000000000000000000e+00,3.093750000000001776e-01
5.020000000000000000e+02,1.000000000000000000e+00,3.061750000000001970e-01
5.030000000000000000e+02,1.000000000000000000e+00,3.029500000000000526e-01
5.040000000000000000e+02,1.000000000000000000e+00,3.029500000000000526e-01
5.050000000000000000e+02,1.000000000000000000e+00,3.061750000000001970e-01
5.060000000000000000e+02,1.000000000000000000e+00,3.077750000000000208e-01
5.070000000000000000e+02,1.000000000000000000e+00,3.142250000000002541e-01
5.080000000000000000e+02,1.000000000000000000e+00,3.061750000000001970e-01
5.090000000000000000e+02,1.000000000000000000e+00,3.077750000000000208e-01
5.100000000000000000e+02,1.000000000000000000e+00,3.021250000000000324e-01
5.110000000000000000e+02,1.000000000000000000e+00,3.061750000000001970e-01
5.120000000000000000e+02,1.000000000000000000e+00,3.061750000000001970e-01
5.130000000000000000e+02,1.000000000000000000e+00,3.061750000000001970e-01
5.140000000000000000e+02,1.000000000000000000e+00,3.125999999999999335e-01
5.150000000000000000e+02,1.000000000000000000e+00,3.110000000000001097e-01
5.160000000000000000e+02,1.000000000000000000e+00,3.093750000000001776e-01
5.170000000000000000e+02,1.000000000000000000e+00,3.077750000000000208e-01
5.180000000000000000e+02,1.000000000000000000e+00,3.013250000000001205e-01
5.190000000000000000e+02,1.000000000000000000e+00,3.045500000000002094e-01
5.200000000000000000e+02,1.000000000000000000e+00,3.029500000000000526e-01
5.210000000000000000e+02,1.000000000000000000e+00,3.013250000000001205e-01
5.220000000000000000e+02,1.000000000000000000e+00,3.045500000000002094e-01
5.230000000000000000e+02,1.000000000000000000e+00,3.093750000000001776e-01
5.240000000000000000e+02,1.000000000000000000e+00,3.118000000000000216e-01
5.250000000000000000e+02,1.000000000000000000e+00,3.125999999999999335e-01
5.260000000000000000e+02,1.000000000000000000e+00,3.061750000000001970e-01
5.270000000000000000e+02,1.000000000000000000e+00,3.061750000000001970e-01
5.280000000000000000e+02,1.000000000000000000e+00,3.005250000000002086e-01
5.290000000000000000e+02,1.000000000000000000e+00,3.110000000000001097e-01
5.300000000000000000e+02,1.000000000000000000e+00,3.093750000000001776e-01
5.310000000000000000e+02,1.000000000000000000e+00,3.110000000000001097e-01
5.320000000000000000e+02,1.000000000000000000e+00,3.029500000000000526e-01
5.330000000000000000e+02,1.000000000000000000e+00,3.085749999999999327e-01
5.340000000000000000e+02,1.000000000000000000e+00,3.077750000000000208e-01
5.350000000000000000e+02,1.000000000000000000e+00,3.190500000000001668e-01
5.360000000000000000e+02,1.000000000000000000e+00,3.142250000000002541e-01
5.370000000000000000e+02,1.000000000000000000e+00,3.150250000000001660e-01
5.380000000000000000e+02,1.000000000000000000e+00,3.110000000000001097e-01
5.390000000000000000e+02,1.000000000000000000e+00,3.142250000000002541e-01
5.400000000000000000e+02,1.000000000000000000e+00,3.125999999999999335e-01
5.410000000000000000e+02,1.000000000000000000e+00,3.206750000000001544e-01
5.420000000000000000e+02,1.000000000000000000e+00,3.158250000000000779e-01
5.430000000000000000e+02,1.000000000000000000e+00,3.150250000000001660e-01
5.440000000000000000e+02,1.000000000000000000e+00,3.150250000000001660e-01
5.450000000000000000e+02,1.000000000000000000e+00,3.045500000000002094e-01
5.460000000000000000e+02,1.000000000000000000e+00,3.142250000000002541e-01
5.470000000000000000e+02,1.000000000000000000e+00,3.125999999999999335e-01
5.480000000000000000e+02,1.000000000000000000e+00,3.206750000000001544e-01
5.490000000000000000e+02,1.000000000000000000e+00,3.158250000000000779e-01
5.500000000000000000e+02,1.000000000000000000e+00,3.158250000000000779e-01
5.510000000000000000e+02,1.000000000000000000e+00,3.077750000000000208e-01
5.520000000000000000e+02,1.000000000000000000e+00,3.093750000000001776e-01
5.530000000000000000e+02,1.000000000000000000e+00,3.142250000000002541e-01
5.540000000000000000e+02,1.000000000000000000e+00,3.206750000000001544e-01
5.550000000000000000e+02,1.000000000000000000e+00,3.134249999999999536e-01
5.560000000000000000e+02,1.000000000000000000e+00,3.102000000000001978e-01
5.570000000000000000e+02,1.000000000000000000e+00,3.085749999999999327e-01
5.580000000000000000e+02,1.000000000000000000e+00,3.174500000000000099e-01
5.590000000000000000e+02,1.000000000000000000e+00,3.190500000000001668e-01
5.600000000000000000e+02,1.000000000000000000e+00,3.206750000000001544e-01
5.610000000000000000e+02,1.000000000000000000e+00,3.118000000000000216e-01
5.620000000000000000e+02,1.000000000000000000e+00,3.142250000000002541e-01
5.630000000000000000e+02,1.000000000000000000e+00,3.142250000000002541e-01
5.640000000000000000e+02,1.000000000000000000e+00,3.190500000000001668e-01
5.650000000000000000e+02,1.000000000000000000e+00,3.150250000000001660e-01
5.660000000000000000e+02,1.000000000000000000e+00,3.190500000000001668e-01
5.670000000000000000e+02,1.000000000000000000e+00,3.102000000000001978e-01
5.680000000000000000e+02,1.000000000000000000e+00,3.118000000000000216e-01
5.690000000000000000e+02,1.000000000000000000e+00,3.093750000000001776e-01
5.700000000000000000e+02,1.000000000000000000e+00,3.150250000000001660e-01
5.710000000000000000e+02,1.000000000000000000e+00,3.158250000000000779e-01
5.720000000000000000e+02,1.000000000000000000e+00,3.166500000000000981e-01
5.730000000000000000e+02,1.000000000000000000e+00,3.102000000000001978e-01
5.740000000000000000e+02,1.000000000000000000e+00,3.142250000000002541e-01
5.750000000000000000e+02,1.000000000000000000e+00,3.134249999999999536e-01
5.760000000000000000e+02,1.000000000000000000e+00,3.174500000000000099e-01
5.770000000000000000e+02,1.000000000000000000e+00,3.190500000000001668e-01
5.780000000000000000e+02,1.000000000000000000e+00,3.158250000000000779e-01
5.790000000000000000e+02,1.000000000000000000e+00,3.142250000000002541e-01
5.800000000000000000e+02,1.000000000000000000e+00,3.093750000000001776e-01
5.810000000000000000e+02,1.000000000000000000e+00,3.125999999999999335e-01
5.820000000000000000e+02,1.000000000000000000e+00,3.110000000000001097e-01
5.830000000000000000e+02,1.000000000000000000e+00,3.190500000000001668e-01
5.840000000000000000e+02,1.000000000000000000e+00,3.142250000000002541e-01
5.850000000000000000e+02,1.000000000000000000e+00,3.158250000000000779e-01
5.860000000000000000e+02,1.000000000000000000e+00,3.110000000000001097e-01
5.870000000000000000e+02,1.000000000000000000e+00,3.110000000000001097e-01
5.880000000000000000e+02,1.000000000000000000e+00,3.142250000000002541e-01
5.890000000000000000e+02,1.000000000000000000e+00,3.142250000000002541e-01
5.900000000000000000e+02,1.000000000000000000e+00,3.206750000000001544e-01
5.910000000000000000e+02,1.000000000000000000e+00,3.190500000000001668e-01
5.920000000000000000e+02,1.000000000000000000e+00,3.142250000000002541e-01
5.930000000000000000e+02,1.000000000000000000e+00,3.110000000000001097e-01
5.940000000000000000e+02,1.000000000000000000e+00,3.110000000000001097e-01
5.950000000000000000e+02,1.000000000000000000e+00,3.142250000000002541e-01
5.960000000000000000e+02,1.000000000000000000e+00,3.158250000000000779e-01
5.970000000000000000e+02,1.000000000000000000e+00,3.222749999999999782e-01
5.980000000000000000e+02,1.000000000000000000e+00,3.118000000000000216e-01
5.990000000000000000e+02,1.000000000000000000e+00,3.142250000000002541e-01
6.000000000000000000e+02,1.000000000000000000e+00,3.093750000000001776e-01
6.010000000000000000e+02,1.000000000000000000e+00,3.190500000000001668e-01
6.020000000000000000e+02,1.000000000000000000e+00,3.174500000000000099e-01
6.030000000000000000e+02,1.000000000000000000e+00,3.174500000000000099e-01
6.040000000000000000e+02,1.000000000000000000e+00,3.093750000000001776e-01
6.050000000000000000e+02,1.000000000000000000e+00,3.134249999999999536e-01
6.060000000000000000e+02,1.000000000000000000e+00,3.118000000000000216e-01
6.070000000000000000e+02,1.000000000000000000e+00,3.190500000000001668e-01
6.080000000000000000e+02,1.000000000000000000e+00,3.239000000000002433e-01
6.090000000000000000e+02,1.000000000000000000e+00,3.239000000000002433e-01
6.100000000000000000e+02,1.000000000000000000e+00,3.174500000000000099e-01
6.110000000000000000e+02,1.000000000000000000e+00,3.158250000000000779e-01
6.120000000000000000e+02,1.000000000000000000e+00,3.206750000000001544e-01
6.130000000000000000e+02,1.000000000000000000e+00,3.150250000000001660e-01
6.140000000000000000e+02,1.000000000000000000e+00,3.206750000000001544e-01
6.150000000000000000e+02,1.000000000000000000e+00,3.206750000000001544e-01
6.160000000000000000e+02,1.000000000000000000e+00,3.182499999999999218e-01
6.170000000000000000e+02,1.000000000000000000e+00,3.206750000000001544e-01
6.180000000000000000e+02,1.000000000000000000e+00,3.190500000000001668e-01
6.190000000000000000e+02,1.000000000000000000e+00,3.110000000000001097e-01
6.200000000000000000e+02,1.000000000000000000e+00,3.158250000000000779e-01
6.210000000000000000e+02,1.000000000000000000e+00,3.142250000000002541e-01
6.220000000000000000e+02,1.000000000000000000e+00,3.061750000000001970e-01
6.230000000000000000e+02,1.000000000000000000e+00,3.093750000000001776e-01
6.240000000000000000e+02,1.000000000000000000e+00,3.125999999999999335e-01
6.250000000000000000e+02,1.000000000000000000e+00,3.110000000000001097e-01
6.260000000000000000e+02,1.000000000000000000e+00,3.142250000000002541e-01
6.270000000000000000e+02,1.000000000000000000e+00,3.174500000000000099e-01
6.280000000000000000e+02,1.000000000000000000e+00,3.134249999999999536e-01
6.290000000000000000e+02,1.000000000000000000e+00,3.053500000000001213e-01
6.300000000000000000e+02,1.000000000000000000e+00,3.069750000000001089e-01
6.310000000000000000e+02,1.000000000000000000e+00,3.110000000000001097e-01
6.320000000000000000e+02,1.000000000000000000e+00,3.166500000000000981e-01
6.330000000000000000e+02,1.000000000000000000e+00,3.182499999999999218e-01
6.340000000000000000e+02,1.000000000000000000e+00,3.110000000000001097e-01
6.350000000000000000e+02,1.000000000000000000e+00,3.093750000000001776e-01
6.360000000000000000e+02,1.000000000000000000e+00,3.021250000000000324e-01
6.370000000000000000e+02,1.000000000000000000e+00,3.085749999999999327e-01
6.380000000000000000e+02,1.000000000000000000e+00,3.093750000000001776e-01
6.390000000000000000e+02,1.000000000000000000e+00,3.134249999999999536e-01
6.400000000000000000e+02,1.000000000000000000e+00,3.158250000000000779e-01
6.410000000000000000e+02,1.000000000000000000e+00,3.150250000000001660e-01
6.420000000000000000e+02,1.000000000000000000e+00,3.102000000000001978e-01
6.430000000000000000e+02,1.000000000000000000e+00,3.134249999999999536e-01
6.440000000000000000e+02,1.000000000000000000e+00,3.142250000000002541e-01
6.450000000000000000e+02,1.000000000000000000e+00,3.102000000000001978e-01
6.460000000000000000e+02,1.000000000000000000e+00,3.142250000000002541e-01
6.470000000000000000e+02,1.000000000000000000e+00,3.110000000000001097e-01
6.480000000000000000e+02,1.000000000000000000e+00,3.158250000000000779e-01
6.490000000000000000e+02,1.000000000000000000e+00,3.190500000000001668e-01
6.500000000000000000e+02,1.000000000000000000e+00,3.174500000000000099e-01
6.510000000000000000e+02,1.000000000000000000e+00,3.190500000000001668e-01
6.520000000000000000e+02,1.000000000000000000e+00,3.222749999999999782e-01
6.530000000000000000e+02,1.000000000000000000e+00,3.125999999999999335e-01
6.540000000000000000e+02,1.000000000000000000e+00,3.142250000000002541e-01
6.550000000000000000e+02,1.000000000000000000e+00,3.110000000000001097e-01
6.560000000000000000e+02,1.000000000000000000e+00,3.077750000000000208e-01
6.570000000000000000e+02,1.000000000000000000e+00,3.158250000000000779e-01
6.580000000000000000e+02,1.000000000000000000e+00,3.142250000000002541e-01
6.590000000000000000e+02,1.000000000000000000e+00,3.166500000000000981e-01
6.600000000000000000e+02,1.000000000000000000e+00,3.158250000000000779e-01
6.610000000000000000e+02,1.000000000000000000e+00,3.102000000000001978e-01
6.620000000000000000e+02,1.000000000000000000e+00,3.085749999999999327e-01
6.630000000000000000e+02,1.000000000000000000e+00,3.021250000000000324e-01
6.640000000000000000e+02,1.000000000000000000e+00,3.077750000000000208e-01
6.650000000000000000e+02,1.000000000000000000e+00,3.110000000000001097e-01
6.660000000000000000e+02,1.000000000000000000e+00,3.118000000000000216e-01
6.670000000000000000e+02,1.000000000000000000e+00,3.150250000000001660e-01
6.680000000000000000e+02,1.000000000000000000e+00,3.093750000000001776e-01
6.690000000000000000e+02,1.000000000000000000e+00,3.110000000000001097e-01
6.700000000000000000e+02,1.000000000000000000e+00,3.077750000000000208e-01
6.710000000000000000e+02,1.000000000000000000e+00,3.125999999999999335e-01
6.720000000000000000e+02,1.000000000000000000e+00,3.134249999999999536e-01
6.730000000000000000e+02,1.000000000000000000e+00,3.134249999999999536e-01
6.740000000000000000e+02,1.000000000000000000e+00,3.102000000000001978e-01
6.750000000000000000e+02,1.000000000000000000e+00,3.125999999999999335e-01
6.760000000000000000e+02,1.000000000000000000e+00,3.166500000000000981e-01
6.770000000000000000e+02,1.000000000000000000e+00,3.150250000000001660e-01
6.780000000000000000e+02,1.000000000000000000e+00,3.150250000000001660e-01
6.790000000000000000e+02,1.000000000000000000e+00,3.110000000000001097e-01
6.800000000000000000e+02,1.000000000000000000e+00,3.077750000000000208e-01
6.810000000000000000e+02,1.000000000000000000e+00,3.093750000000001776e-01
6.820000000000000000e+02,1.000000000000000000e+00,3.053500000000001213e-01
6.830000000000000000e+02,1.000000000000000000e+00,3.206750000000001544e-01
6.840000000000000000e+02,1.000000000000000000e+00,3.166500000000000981e-01
6.850000000000000000e+02,1.000000000000000000e+00,3.158250000000000779e-01
6.860000000000000000e+02,1.000000000000000000e+00,3.134249999999999536e-01
6.870000000000000000e+02,1.000000000000000000e+00,3.077750000000000208e-01
6.880000000000000000e+02,1.000000000000000000e+00,3.125999999999999335e-01
6.890000000000000000e+02,1.000000000000000000e+00,3.093750000000001776e-01
6.900000000000000000e+02,1.000000000000000000e+00,3.077750000000000208e-01
6.910000000000000000e+02,1.000000000000000000e+00,3.142250000000002541e-01
6.920000000000000000e+02,1.000000000000000000e+00,3.158250000000000779e-01
6.930000000000000000e+02,1.000000000000000000e+00,3.158250000000000779e-01
6.940000000000000000e+02,1.000000000000000000e+00,3.158250000000000779e-01
6.950000000000000000e+02,1.000000000000000000e+00,3.222749999999999782e-01
6.960000000000000000e+02,1.000000000000000000e+00,3.158250000000000779e-01
6.970000000000000000e+02,1.000000000000000000e+00,3.142250000000002541e-01
6.980000000000000000e+02,1.000000000000000000e+00,3.093750000000001776e-01
6.990000000000000000e+02,1.000000000000000000e+00,3.190500000000001668e-01
7.000000000000000000e+02,1.000000000000000000e+00,3.174500000000000099e-01
7.010000000000000000e+02,1.000000000000000000e+00,3.158250000000000779e-01
7.020000000000000000e+02,1.000000000000000000e+00,3.102000000000001978e-01
7.030000000000000000e+02,1.000000000000000000e+00,3.125999999999999335e-01
7.040000000000000000e+02,1.000000000000000000e+00,3.158250000000000779e-01
7.050000000000000000e+02,1.000000000000000000e+00,3.198500000000000787e-01
7.060000000000000000e+02,1.000000000000000000e+00,3.206750000000001544e-01
7.070000000000000000e+02,1.000000000000000000e+00,3.174500000000000099e-01
7.080000000000000000e+02,1.000000000000000000e+00,3.134249999999999536e-01
7.090000000000000000e+02,1.000000000000000000e+00,3.158250000000000779e-01
7.100000000000000000e+02,1.000000000000000000e+00,3.270999999999998908e-01
7.110000000000000000e+02,1.000000000000000000e+00,3.222749999999999782e-01
7.120000000000000000e+02,1.000000000000000000e+00,3.222749999999999782e-01
7.130000000000000000e+02,1.000000000000000000e+00,3.158250000000000779e-01
7.140000000000000000e+02,1.000000000000000000e+00,3.255000000000000671e-01
7.150000000000000000e+02,1.000000000000000000e+00,3.270999999999998908e-01
7.160000000000000000e+02,1.000000000000000000e+00,3.270999999999998908e-01
7.170000000000000000e+02,1.000000000000000000e+00,3.182499999999999218e-01
7.180000000000000000e+02,1.000000000000000000e+00,3.174500000000000099e-01
7.190000000000000000e+02,1.000000000000000000e+00,3.255000000000000671e-01
7.200000000000000000e+02,1.000000000000000000e+00,3.247000000000001552e-01
7.210000000000000000e+02,1.000000000000000000e+00,3.239000000000002433e-01
7.220000000000000000e+02,1.000000000000000000e+00,3.174500000000000099e-01
7.230000000000000000e+02,1.000000000000000000e+00,3.239000000000002433e-01
7.240000000000000000e+02,1.000000000000000000e+00,3.206750000000001544e-01
7.250000000000000000e+02,1.000000000000000000e+00,3.287250000000002115e-01
7.260000000000000000e+02,1.000000000000000000e+00,3.206750000000001544e-01
7.270000000000000000e+02,1.000000000000000000e+00,3.174500000000000099e-01
7.280000000000000000e+02,1.000000000000000000e+00,3.239000000000002433e-01
7.290000000000000000e+02,1.000000000000000000e+00,3.255000000000000671e-01
7.300000000000000000e+02,1.000000000000000000e+00,3.287250000000002115e-01
7.310000000000000000e+02,1.000000000000000000e+00,3.206750000000001544e-01
7.320000000000000000e+02,1.000000000000000000e+00,3.222749999999999782e-01
7.330000000000000000e+02,1.000000000000000000e+00,3.206750000000001544e-01
7.340000000000000000e+02,1.000000000000000000e+00,3.262999999999999790e-01
7.350000000000000000e+02,1.000000000000000000e+00,3.230750000000002231e-01
7.360000000000000000e+02,1.000000000000000000e+00,3.206750000000001544e-01
7.370000000000000000e+02,1.000000000000000000e+00,3.166500000000000981e-01
7.380000000000000000e+02,1.000000000000000000e+00,3.166500000000000981e-01
7.390000000000000000e+02,1.000000000000000000e+00,3.247000000000001552e-01
7.400000000000000000e+02,1.000000000000000000e+00,3.262999999999999790e-01
7.410000000000000000e+02,1.000000000000000000e+00,3.206750000000001544e-01
7.420000000000000000e+02,1.000000000000000000e+00,3.118000000000000216e-01
7.430000000000000000e+02,1.000000000000000000e+00,3.134249999999999536e-01
7.440000000000000000e+02,1.000000000000000000e+00,3.158250000000000779e-01
7.450000000000000000e+02,1.000000000000000000e+00,3.190500000000001668e-01
7.460000000000000000e+02,1.000000000000000000e+00,3.206750000000001544e-01
7.470000000000000000e+02,1.000000000000000000e+00,3.142250000000002541e-01
7.480000000000000000e+02,1.000000000000000000e+00,3.125999999999999335e-01
7.490000000000000000e+02,1.000000000000000000e+00,3.110000000000001097e-01
7.500000000000000000e+02,1.000000000000000000e+00,3.166500000000000981e-01
7.510000000000000000e+02,1.000000000000000000e+00,3.214750000000000663e-01
7.520000000000000000e+02,1.000000000000000000e+00,3.247000000000001552e-01
7.530000000000000000e+02,1.000000000000000000e+00,3.214750000000000663e-01
7.540000000000000000e+02,1.000000000000000000e+00,3.150250000000001660e-01
7.550000000000000000e+02,1.000000000000000000e+00,3.255000000000000671e-01
7.560000000000000000e+02,1.000000000000000000e+00,3.214750000000000663e-01
7.570000000000000000e+02,1.000000000000000000e+00,3.222749999999999782e-01
7.580000000000000000e+02,1.000000000000000000e+00,3.174500000000000099e-01
7.590000000000000000e+02,1.000000000000000000e+00,3.206750000000001544e-01
7.600000000000000000e+02,1.000000000000000000e+00,3.239000000000002433e-01
7.610000000000000000e+02,1.000000000000000000e+00,3.287250000000002115e-01
7.620000000000000000e+02,1.000000000000000000e+00,3.255000000000000671e-01
7.630000000000000000e+02,1.000000000000000000e+00,3.125999999999999335e-01
7.640000000000000000e+02,1.000000000000000000e+00,3.150250000000001660e-01
7.650000000000000000e+02,1.000000000000000000e+00,3.158250000000000779e-01
7.660000000000000000e+02,1.000000000000000000e+00,3.198500000000000787e-01
7.670000000000000000e+02,1.000000000000000000e+00,3.206750000000001544e-01
7.680000000000000000e+02,1.000000000000000000e+00,3.142250000000002541e-01
7.690000000000000000e+02,1.000000000000000000e+00,3.158250000000000779e-01
7.700000000000000000e+02,1.000000000000000000e+00,3.093750000000001776e-01
7.710000000000000000e+02,1.000000000000000000e+00,3.158250000000000779e-01
7.720000000000000000e+02,1.000000000000000000e+00,3.174500000000000099e-01
7.730000000000000000e+02,1.000000000000000000e+00,3.125999999999999335e-01
7.740000000000000000e+02,1.000000000000000000e+00,3.125999999999999335e-01
7.750000000000000000e+02,1.000000000000000000e+00,3.093750000000001776e-01
7.760000000000000000e+02,1.000000000000000000e+00,3.190500000000001668e-01
7.770000000000000000e+02,1.000000000000000000e+00,3.174500000000000099e-01
7.780000000000000000e+02,1.000000000000000000e+00,3.110000000000001097e-01
7.790000000000000000e+02,1.000000000000000000e+00,3.077750000000000208e-01
7.800000000000000000e+02,1.000000000000000000e+00,3.093750000000001776e-01
7.810000000000000000e+02,1.000000000000000000e+00,3.125999999999999335e-01
7.820000000000000000e+02,1.000000000000000000e+00,3.134249999999999536e-01
7.830000000000000000e+02,1.000000000000000000e+00,3.125999999999999335e-01
7.840000000000000000e+02,1.000000000000000000e+00,3.069750000000001089e-01
7.850000000000000000e+02,1.000000000000000000e+00,3.102000000000001978e-01
7.860000000000000000e+02,1.000000000000000000e+00,3.110000000000001097e-01
7.870000000000000000e+02,1.000000000000000000e+00,3.190500000000001668e-01
7.880000000000000000e+02,1.000000000000000000e+00,3.069750000000001089e-01
7.890000000000000000e+02,1.000000000000000000e+00,3.045500000000002094e-01
7.900000000000000000e+02,1.000000000000000000e+00,3.053500000000001213e-01
7.910000000000000000e+02,1.000000000000000000e+00,3.102000000000001978e-01
7.920000000000000000e+02,1.000000000000000000e+00,3.093750000000001776e-01
7.930000000000000000e+02,1.000000000000000000e+00,3.029500000000000526e-01
7.940000000000000000e+02,1.000000000000000000e+00,2.973000000000000642e-01
7.950000000000000000e+02,1.000000000000000000e+00,3.013250000000001205e-01
7.960000000000000000e+02,1.000000000000000000e+00,2.980999999999999761e-01
7.970000000000000000e+02,1.000000000000000000e+00,2.965000000000001523e-01
7.980000000000000000e+02,1.000000000000000000e+00,2.957000000000002404e-01
7.990000000000000000e+02,1.000000000000000000e+00,3.029500000000000526e-01
