t,MV,PV,DV
0.000000000000000000e+00,3.000000000000000000e+01,4.339300000000000068e+01,5.000000000000000000e+01
1.000000000000000000e+00,3.000000000000000000e+01,4.335999999999999943e+01,5.000000000000000000e+01
2.000000000000000000e+00,3.000000000000000000e+01,4.307000000000000028e+01,5.000000000000000000e+01
3.000000000000000000e+00,3.000000000000000000e+01,4.339300000000000068e+01,5.000000000000000000e+01
4.000000000000000000e+00,3.000000000000000000e+01,4.313499999999999801e+01,5.000000000000000000e+01
5.000000000000000000e+00,3.000000000000000000e+01,4.329599999999999937e+01,5.000000000000000000e+01
6.000000000000000000e+00,3.000000000000000000e+01,4.335999999999999943e+01,5.000000000000000000e+01
7.000000000000000000e+00,3.000000000000000000e+01,4.313499999999999801e+01,5.000000000000000000e+01
8.000000000000000000e+00,3.000000000000000000e+01,4.332800000000000296e+01,5.000000000000000000e+01
9.000000000000000000e+00,3.000000000000000000e+01,4.332800000000000296e+01,5.000000000000000000e+01
1.000000000000000000e+01,3.000000000000000000e+01,4.339300000000000068e+01,5.000000000000000000e+01
1.100000000000000000e+01,3.000000000000000000e+01,4.335999999999999943e+01,5.000000000000000000e+01
1.200000000000000000e+01,3.000000000000000000e+01,4.358599999999999852e+01,5.000000000000000000e+01
1.300000000000000000e+01,3.000000000000000000e+01,4.323100000000000165e+01,5.000000000000000000e+01
1.400000000000000000e+01,3.000000000000000000e+01,4.352100000000000080e+01,5.000000000000000000e+01
1.500000000000000000e+01,3.000000000000000000e+01,4.345700000000000074e+01,5.000000000000000000e+01
1.600000000000000000e+01,3.000000000000000000e+01,4.316700000000000159e+01,5.000000000000000000e+01
1.700000000000000000e+01,3.000000000000000000e+01,4.307000000000000028e+01,5.000000000000000000e+01
1.800000000000000000e+01,3.000000000000000000e+01,4.332800000000000296e+01,5.000000000000000000e+01
1.900000000000000000e+01,3.000000000000000000e+01,4.294100000000000250e+01,5.000000000000000000e+01
2.000000000000000000e+01,3.000000000000000000e+01,4.335999999999999943e+01,5.000000000000000000e+01
2.100000000000000000e+01,3.000000000000000000e+01,4.335999999999999943e+01,5.000000000000000000e+01
2.200000000000000000e+01,3.000000000000000000e+01,4.323100000000000165e+01,5.000000000000000000e+01
2.300000000000000000e+01,3.000000000000000000e+01,4.313499999999999801e+01,5.000000000000000000e+01
2.400000000000000000e+01,3.000000000000000000e+01,4.348899999999999721e+01,5.000000000000000000e+01
2.500000000000000000e+01,3.000000000000000000e+01,4.339300000000000068e+01,5.000000000000000000e+01
2.600000000000000000e+01,3.000000000000000000e+01,4.342499999999999716e+01,5.000000000000000000e+01
2.700000000000000000e+01,3.000000000000000000e+01,4.348899999999999721e+01,5.000000000000000000e+01
2.800000000000000000e+01,3.000000000000000000e+01,4.323100000000000165e+01,5.000000000000000000e+01
2.900000000000000000e+01,3.000000000000000000e+01,4.316700000000000159e+01,5.000000000000000000e+01
3.000000000000000000e+01,3.000000000000000000e+01,4.339300000000000068e+01,5.000000000000000000e+01
3.100000000000000000e+01,3.000000000000000000e+01,4.329599999999999937e+01,5.000000000000000000e+01
3.200000000000000000e+01,3.000000000000000000e+01,4.294100000000000250e+01,5.000000000000000000e+01
3.300000000000000000e+01,3.000000000000000000e+01,4.335999999999999943e+01,5.000000000000000000e+01
3.400000000000000000e+01,3.000000000000000000e+01,4.313499999999999801e+01,5.000000000000000000e+01
3.500000000000000000e+01,3.000000000000000000e+01,4.323100000000000165e+01,5.000000000000000000e+01
3.600000000000000000e+01,3.000000000000000000e+01,4.332800000000000296e+01,5.000000000000000000e+01
3.700000000000000000e+01,3.000000000000000000e+01,4.326400000000000290e+01,5.000000000000000000e+01
3.800000000000000000e+01,3.000000000000000000e+01,4.345700000000000074e+01,5.000000000000000000e+01
3.900000000000000000e+01,3.000000000000000000e+01,4.355400000000000205e+01,5.000000000000000000e+01
4.000000000000000000e+01,3.000000000000000000e+01,4.326400000000000290e+01,5.000000000000000000e+01
4.100000000000000000e+01,3.000000000000000000e+01,4.342499999999999716e+01,5.000000000000000000e+01
4.200000000000000000e+01,3.000000000000000000e+01,4.345700000000000074e+01,5.000000000000000000e+01
4.300000000000000000e+01,3.000000000000000000e+01,4.316700000000000159e+01,5.000000000000000000e+01
4.400000000000000000e+01,7.000000000000000000e+01,4.339300000000000068e+01,5.000000000000000000e+01
4.500000000000000000e+01,7.000000000000000000e+01,4.326400000000000290e+01,5.000000000000000000e+01
4.600000000000000000e+01,7.000000000000000000e+01,4.345700000000000074e+01,5.000000000000000000e+01
4.700000000000000000e+01,7.000000000000000000e+01,4.348899999999999721e+01,5.000000000000000000e+01
4.800000000000000000e+01,7.000000000000000000e+01,4.310300000000000153e+01,5.000000000000000000e+01
4.900000000000000000e+01,7.000000000000000000e+01,4.358599999999999852e+01,5.000000000000000000e+01
5.000000000000000000e+01,7.000000000000000000e+01,4.348899999999999721e+01,5.000000000000000000e+01
5.100000000000000000e+01,7.000000000000000000e+01,4.316700000000000159e+01,5.000000000000000000e+01
5.200000000000000000e+01,7.000000000000000000e+01,4.323100000000000165e+01,5.000000000000000000e+01
5.300000000000000000e+01,7.000000000000000000e+01,4.345700000000000074e+01,5.000000000000000000e+01
5.400000000000000000e+01,7.000000000000000000e+01,4.374699999999999989e+01,5.000000000000000000e+01
5.500000000000000000e+01,7.000000000000000000e+01,4.355400000000000205e+01,5.000000000000000000e+01
5.600000000000000000e+01,7.000000000000000000e+01,4.364999999999999858e+01,5.000000000000000000e+01
5.700000000000000000e+01,7.000000000000000000e+01,4.364999999999999858e+01,5.000000000000000000e+01
5.800000000000000000e+01,7.000000000000000000e+01,4.319899999999999807e+01,5.000000000000000000e+01
5.900000000000000000e+01,7.000000000000000000e+01,4.355400000000000205e+01,5.000000000000000000e+01
6.000000000000000000e+01,7.000000000000000000e+01,4.364999999999999858e+01,5.000000000000000000e+01
6.100000000000000000e+01,7.000000000000000000e+01,4.348899999999999721e+01,5.000000000000000000e+01
6.200000000000000000e+01,7.000000000000000000e+01,4.352100000000000080e+01,5.000000000000000000e+01
6.300000000000000000e+01,7.000000000000000000e+01,4.364999999999999858e+01,5.000000000000000000e+01
6.400000000000000000e+01,7.000000000000000000e+01,4.374699999999999989e+01,5.000000000000000000e+01
6.500000000000000000e+01,7.000000000000000000e+01,4.332800000000000296e+01,5.000000000000000000e+01
6.600000000000000000e+01,7.000000000000000000e+01,4.371500000000000341e+01,5.000000000000000000e+01
6.700000000000000000e+01,7.000000000000000000e+01,4.381199999999999761e+01,5.000000000000000000e+01
6.800000000000000000e+01,7.000000000000000000e+01,4.361800000000000210e+01,5.000000000000000000e+01
6.900000000000000000e+01,7.000000000000000000e+01,4.361800000000000210e+01,5.000000000000000000e+01
7.000000000000000000e+01,7.000000000000000000e+01,4.374699999999999989e+01,5.000000000000000000e+01
7.100000000000000000e+01,7.000000000000000000e+01,4.400500000000000256e+01,5.000000000000000000e+01
7.200000000000000000e+01,7.000000000000000000e+01,4.390800000000000125e+01,5.000000000000000000e+01
7.300000000000000000e+01,7.000000000000000000e+01,4.377900000000000347e+01,5.000000000000000000e+01
7.400000000000000000e+01,7.000000000000000000e+01,4.403699999999999903e+01,5.000000000000000000e+01
7.500000000000000000e+01,7.000000000000000000e+01,4.413400000000000034e+01,5.000000000000000000e+01
7.600000000000000000e+01,7.000000000000000000e+01,4.381199999999999761e+01,5.000000000000000000e+01
7.700000000000000000e+01,7.000000000000000000e+01,4.397299999999999898e+01,5.000000000000000000e+01
7.800000000000000000e+01,7.000000000000000000e+01,4.422999999999999687e+01,5.000000000000000000e+01
7.900000000000000000e+01,7.000000000000000000e+01,4.406900000000000261e+01,5.000000000000000000e+01
8.000000000000000000e+01,7.000000000000000000e+01,4.368299999999999983e+01,5.000000000000000000e+01
8.100000000000000000e+01,7.000000000000000000e+01,4.390800000000000125e+01,5.000000000000000000e+01
8.200000000000000000e+01,7.000000000000000000e+01,4.426299999999999812e+01,5.000000000000000000e+01
8.300000000000000000e+01,7.000000000000000000e+01,4.442399999999999949e+01,5.000000000000000000e+01
8.400000000000000000e+01,7.000000000000000000e+01,4.435900000000000176e+01,5.000000000000000000e+01
8.500000000000000000e+01,7.000000000000000000e+01,4.400500000000000256e+01,5.000000000000000000e+01
8.600000000000000000e+01,7.000000000000000000e+01,4.426299999999999812e+01,5.000000000000000000e+01
8.700000000000000000e+01,7.000000000000000000e+01,4.439200000000000301e+01,5.000000000000000000e+01
8.800000000000000000e+01,7.000000000000000000e+01,4.448799999999999955e+01,5.000000000000000000e+01
8.900000000000000000e+01,7.000000000000000000e+01,4.416599999999999682e+01,5.000000000000000000e+01
9.000000000000000000e+01,7.000000000000000000e+01,4.422999999999999687e+01,5.000000000000000000e+01
9.100000000000000000e+01,7.000000000000000000e+01,4.471399999999999864e+01,5.000000000000000000e+01
9.200000000000000000e+01,7.000000000000000000e+01,4.445600000000000307e+01,5.000000000000000000e+01
9.300000000000000000e+01,7.000000000000000000e+01,4.442399999999999949e+01,5.000000000000000000e+01
9.400000000000000000e+01,7.000000000000000000e+01,4.416599999999999682e+01,5.000000000000000000e+01
9.500000000000000000e+01,7.000000000000000000e+01,4.461699999999999733e+01,5.000000000000000000e+01
9.600000000000000000e+01,7.000000000000000000e+01,4.422999999999999687e+01,5.000000000000000000e+01
9.700000000000000000e+01,7.000000000000000000e+01,4.435900000000000176e+01,5.000000000000000000e+01
9.800000000000000000e+01,7.000000000000000000e+01,4.461699999999999733e+01,5.000000000000000000e+01
9.900000000000000000e+01,7.000000000000000000e+01,4.464900000000000091e+01,5.000000000000000000e+01
1.000000000000000000e+02,7.000000000000000000e+01,4.442399999999999949e+01,5.000000000000000000e+01
1.010000000000000000e+02,7.000000000000000000e+01,4.442399999999999949e+01,5.000000000000000000e+01
1.020000000000000000e+02,7.000000000000000000e+01,4.490699999999999648e+01,5.000000000000000000e+01
1.030000000000000000e+02,7.000000000000000000e+01,4.458500000000000085e+01,5.000000000000000000e+01
1.040000000000000000e+02,7.000000000000000000e+01,4.468200000000000216e+01,5.000000000000000000e+01
1.050000000000000000e+02,7.000000000000000000e+01,4.497200000000000131e+01,5.000000000000000000e+01
1.060000000000000000e+02,7.000000000000000000e+01,4.481099999999999994e+01,5.000000000000000000e+01
1.070000000000000000e+02,7.000000000000000000e+01,4.500399999999999778e+01,5.000000000000000000e+01
1.080000000000000000e+02,7.000000000000000000e+01,4.474600000000000222e+01,5.000000000000000000e+01
1.090000000000000000e+02,7.000000000000000000e+01,4.497200000000000131e+01,5.000000000000000000e+01
1.100000000000000000e+02,7.000000000000000000e+01,4.513300000000000267e+01,5.000000000000000000e+01
1.110000000000000000e+02,7.000000000000000000e+01,4.490699999999999648e+01,5.000000000000000000e+01
1.120000000000000000e+02,7.000000000000000000e+01,4.493900000000000006e+01,5.000000000000000000e+01
1.130000000000000000e+02,7.000000000000000000e+01,4.493900000000000006e+01,5.000000000000000000e+01
1.140000000000000000e+02,7.000000000000000000e+01,4.503600000000000136e+01,5.000000000000000000e+01
1.150000000000000000e+02,7.000000000000000000e+01,4.526200000000000045e+01,5.000000000000000000e+01
1.160000000000000000e+02,7.000000000000000000e+01,4.529399999999999693e+01,5.000000000000000000e+01
1.170000000000000000e+02,7.000000000000000000e+01,4.564800000000000324e+01,5.000000000000000000e+01
1.180000000000000000e+02,7.000000000000000000e+01,4.510099999999999909e+01,5.000000000000000000e+01
1.190000000000000000e+02,7.000000000000000000e+01,4.526200000000000045e+01,5.000000000000000000e+01
1.200000000000000000e+02,7.000000000000000000e+01,4.545499999999999829e+01,5.000000000000000000e+01
1.210000000000000000e+02,7.000000000000000000e+01,4.532600000000000051e+01,5.000000000000000000e+01
1.220000000000000000e+02,7.000000000000000000e+01,4.548700000000000188e+01,5.000000000000000000e+01
1.230000000000000000e+02,7.000000000000000000e+01,4.564800000000000324e+01,5.000000000000000000e+01
1.240000000000000000e+02,7.000000000000000000e+01,4.568099999999999739e+01,5.000000000000000000e+01
1.250000000000000000e+02,7.000000000000000000e+01,4.555199999999999960e+01,5.000000000000000000e+01
1.260000000000000000e+02,7.000000000000000000e+01,4.564800000000000324e+01,5.000000000000000000e+01
1.270000000000000000e+02,7.000000000000000000e+01,4.571300000000000097e+01,5.000000000000000000e+01
1.280000000000000000e+02,7.000000000000000000e+01,4.571300000000000097e+01,5.000000000000000000e+01
1.290000000000000000e+02,7.000000000000000000e+01,4.587400000000000233e+01,5.000000000000000000e+01
1.300000000000000000e+02,7.000000000000000000e+01,4.590599999999999881e+01,5.000000000000000000e+01
1.310000000000000000e+02,7.000000000000000000e+01,4.574499999999999744e+01,5.000000000000000000e+01
1.320000000000000000e+02,7.000000000000000000e+01,4.581000000000000227e+01,5.000000000000000000e+01
1.330000000000000000e+02,7.000000000000000000e+01,4.584199999999999875e+01,5.000000000000000000e+01
1.340000000000000000e+02,7.000000000000000000e+01,4.629299999999999926e+01,5.000000000000000000e+01
1.350000000000000000e+02,7.000000000000000000e+01,4.619599999999999795e+01,5.000000000000000000e+01
1.360000000000000000e+02,7.000000000000000000e+01,4.603499999999999659e+01,5.000000000000000000e+01
1.370000000000000000e+02,7.000000000000000000e+01,4.590599999999999881e+01,5.000000000000000000e+01
1.380000000000000000e+02,7.000000000000000000e+01,4.613199999999999790e+01,5.000000000000000000e+01
1.390000000000000000e+02,7.000000000000000000e+01,4.626100000000000279e+01,5.000000000000000000e+01
1.400000000000000000e+02,7.000000000000000000e+01,4.655100000000000193e+01,5.000000000000000000e+01
1.410000000000000000e+02,7.000000000000000000e+01,4.645400000000000063e+01,5.000000000000000000e+01
1.420000000000000000e+02,7.000000000000000000e+01,4.622899999999999920e+01,5.000000000000000000e+01
1.430000000000000000e+02,7.000000000000000000e+01,4.655100000000000193e+01,5.000000000000000000e+01
1.440000000000000000e+02,7.000000000000000000e+01,4.651899999999999835e+01,5.000000000000000000e+01
1.450000000000000000e+02,7.000000000000000000e+01,4.619599999999999795e+01,5.000000000000000000e+01
1.460000000000000000e+02,7.000000000000000000e+01,4.674399999999999977e+01,5.000000000000000000e+01
1.470000000000000000e+02,7.000000000000000000e+01,4.667999999999999972e+01,5.000000000000000000e+01
1.480000000000000000e+02,7.000000000000000000e+01,4.658299999999999841e+01,5.000000000000000000e+01
1.490000000000000000e+02,7.000000000000000000e+01,4.690500000000000114e+01,5.000000000000000000e+01
1.500000000000000000e+02,7.000000000000000000e+01,4.674399999999999977e+01,5.000000000000000000e+01
1.510000000000000000e+02,7.000000000000000000e+01,4.642199999999999704e+01,5.000000000000000000e+01
1.520000000000000000e+02,7.000000000000000000e+01,4.677600000000000335e+01,5.000000000000000000e+01
1.530000000000000000e+02,7.000000000000000000e+01,4.684100000000000108e+01,5.000000000000000000e+01
1.540000000000000000e+02,7.000000000000000000e+01,4.700200000000000244e+01,5.000000000000000000e+01
1.550000000000000000e+02,7.000000000000000000e+01,4.661500000000000199e+01,5.000000000000000000e+01
1.560000000000000000e+02,7.000000000000000000e+01,4.664699999999999847e+01,5.000000000000000000e+01
1.570000000000000000e+02,7.000000000000000000e+01,4.706600000000000250e+01,5.000000000000000000e+01
1.580000000000000000e+02,7.000000000000000000e+01,4.706600000000000250e+01,5.000000000000000000e+01
1.590000000000000000e+02,7.000000000000000000e+01,4.700200000000000244e+01,5.000000000000000000e+01
1.600000000000000000e+02,7.000000000000000000e+01,4.706600000000000250e+01,5.000000000000000000e+01
1.610000000000000000e+02,7.000000000000000000e+01,4.722800000000000153e+01,5.000000000000000000e+01
1.620000000000000000e+02,7.000000000000000000e+01,4.696999999999999886e+01,5.000000000000000000e+01
1.630000000000000000e+02,7.000000000000000000e+01,4.687299999999999756e+01,5.000000000000000000e+01
1.640000000000000000e+02,7.000000000000000000e+01,4.748499999999999943e+01,5.000000000000000000e+01
1.650000000000000000e+02,7.000000000000000000e+01,4.729200000000000159e+01,5.000000000000000000e+01
1.660000000000000000e+02,7.000000000000000000e+01,4.732399999999999807e+01,5.000000000000000000e+01
1.670000000000000000e+02,7.000000000000000000e+01,4.745300000000000296e+01,5.000000000000000000e+01
1.680000000000000000e+02,7.000000000000000000e+01,4.719500000000000028e+01,5.000000000000000000e+01
1.690000000000000000e+02,7.000000000000000000e+01,4.703399999999999892e+01,5.000000000000000000e+01
1.700000000000000000e+02,7.000000000000000000e+01,4.748499999999999943e+01,5.000000000000000000e+01
1.710000000000000000e+02,7.000000000000000000e+01,4.745300000000000296e+01,5.000000000000000000e+01
1.720000000000000000e+02,7.000000000000000000e+01,4.754999999999999716e+01,5.000000000000000000e+01
1.730000000000000000e+02,7.000000000000000000e+01,4.745300000000000296e+01,5.000000000000000000e+01
1.740000000000000000e+02,7.000000000000000000e+01,4.754999999999999716e+01,5.000000000000000000e+01
1.750000000000000000e+02,7.000000000000000000e+01,4.751800000000000068e+01,5.000000000000000000e+01
1.760000000000000000e+02,7.000000000000000000e+01,4.787199999999999989e+01,5.000000000000000000e+01
1.770000000000000000e+02,7.000000000000000000e+01,4.761399999999999721e+01,5.000000000000000000e+01
1.780000000000000000e+02,7.000000000000000000e+01,4.784000000000000341e+01,5.000000000000000000e+01
1.790000000000000000e+02,7.000000000000000000e+01,4.767900000000000205e+01,5.000000000000000000e+01
1.800000000000000000e+02,7.000000000000000000e+01,4.745300000000000296e+01,5.000000000000000000e+01
1.810000000000000000e+02,7.000000000000000000e+01,4.751800000000000068e+01,5.000000000000000000e+01
1.820000000000000000e+02,7.000000000000000000e+01,4.793699999999999761e+01,5.000000000000000000e+01
1.830000000000000000e+02,7.000000000000000000e+01,4.816199999999999903e+01,5.000000000000000000e+01
1.840000000000000000e+02,7.000000000000000000e+01,4.813000000000000256e+01,5.000000000000000000e+01
1.850000000000000000e+02,7.000000000000000000e+01,4.806499999999999773e+01,5.000000000000000000e+01
1.860000000000000000e+02,7.000000000000000000e+01,4.809799999999999898e+01,5.000000000000000000e+01
1.870000000000000000e+02,7.000000000000000000e+01,4.806499999999999773e+01,5.000000000000000000e+01
1.880000000000000000e+02,7.000000000000000000e+01,4.806499999999999773e+01,5.000000000000000000e+01
1.890000000000000000e+02,7.000000000000000000e+01,4.796900000000000119e+01,5.000000000000000000e+01
1.900000000000000000e+02,7.000000000000000000e+01,4.816199999999999903e+01,5.000000000000000000e+01
1.910000000000000000e+02,7.000000000000000000e+01,4.806499999999999773e+01,5.000000000000000000e+01
1.920000000000000000e+02,7.000000000000000000e+01,4.838799999999999812e+01,5.000000000000000000e+01
1.930000000000000000e+02,7.000000000000000000e+01,4.835499999999999687e+01,5.000000000000000000e+01
1.940000000000000000e+02,7.000000000000000000e+01,4.838799999999999812e+01,5.000000000000000000e+01
1.950000000000000000e+02,7.000000000000000000e+01,4.803300000000000125e+01,5.000000000000000000e+01
1.960000000000000000e+02,7.000000000000000000e+01,4.851700000000000301e+01,5.000000000000000000e+01
1.970000000000000000e+02,7.000000000000000000e+01,4.822699999999999676e+01,5.000000000000000000e+01
1.980000000000000000e+02,7.000000000000000000e+01,4.809799999999999898e+01,5.000000000000000000e+01
1.990000000000000000e+02,7.000000000000000000e+01,4.835499999999999687e+01,5.000000000000000000e+01
2.000000000000000000e+02,7.000000000000000000e+01,4.854899999999999949e+01,5.000000000000000000e+01
2.010000000000000000e+02,7.000000000000000000e+01,4.825900000000000034e+01,5.000000000000000000e+01
2.020000000000000000e+02,7.000000000000000000e+01,4.813000000000000256e+01,5.000000000000000000e+01
2.030000000000000000e+02,7.000000000000000000e+01,4.822699999999999676e+01,5.000000000000000000e+01
2.040000000000000000e+02,7.000000000000000000e+01,4.848400000000000176e+01,5.000000000000000000e+01
2.050000000000000000e+02,7.000000000000000000e+01,4.867799999999999727e+01,5.000000000000000000e+01
2.060000000000000000e+02,7.000000000000000000e+01,4.829099999999999682e+01,5.000000000000000000e+01
2.070000000000000000e+02,7.000000000000000000e+01,4.838799999999999812e+01,5.000000000000000000e+01
2.080000000000000000e+02,7.000000000000000000e+01,4.851700000000000301e+01,5.000000000000000000e+01
2.090000000000000000e+02,7.000000000000000000e+01,4.864600000000000080e+01,5.000000000000000000e+01
2.100000000000000000e+02,7.000000000000000000e+01,4.861299999999999955e+01,5.000000000000000000e+01
2.110000000000000000e+02,7.000000000000000000e+01,4.854899999999999949e+01,5.000000000000000000e+01
2.120000000000000000e+02,7.000000000000000000e+01,4.858100000000000307e+01,5.000000000000000000e+01
2.130000000000000000e+02,7.000000000000000000e+01,4.874199999999999733e+01,5.000000000000000000e+01
2.140000000000000000e+02,7.000000000000000000e+01,4.893599999999999994e+01,5.000000000000000000e+01
2.150000000000000000e+02,7.000000000000000000e+01,4.864600000000000080e+01,5.000000000000000000e+01
2.160000000000000000e+02,7.000000000000000000e+01,4.871000000000000085e+01,5.000000000000000000e+01
2.170000000000000000e+02,7.000000000000000000e+01,4.861299999999999955e+01,5.000000000000000000e+01
2.180000000000000000e+02,7.000000000000000000e+01,4.854899999999999949e+01,5.000000000000000000e+01
2.190000000000000000e+02,7.000000000000000000e+01,4.877400000000000091e+01,5.000000000000000000e+01
2.200000000000000000e+02,7.000000000000000000e+01,4.906400000000000006e+01,5.000000000000000000e+01
2.210000000000000000e+02,7.000000000000000000e+01,4.871000000000000085e+01,5.000000000000000000e+01
2.220000000000000000e+02,7.000000000000000000e+01,4.838799999999999812e+01,5.000000000000000000e+01
2.230000000000000000e+02,7.000000000000000000e+01,4.861299999999999955e+01,5.000000000000000000e+01
2.240000000000000000e+02,7.000000000000000000e+01,4.900000000000000000e+01,5.000000000000000000e+01
2.250000000000000000e+02,7.000000000000000000e+01,4.874199999999999733e+01,5.000000000000000000e+01
2.260000000000000000e+02,7.000000000000000000e+01,4.874199999999999733e+01,5.000000000000000000e+01
2.270000000000000000e+02,7.000000000000000000e+01,4.874199999999999733e+01,5.000000000000000000e+01
2.280000000000000000e+02,7.000000000000000000e+01,4.912899999999999778e+01,5.000000000000000000e+01
2.290000000000000000e+02,7.000000000000000000e+01,4.919299999999999784e+01,5.000000000000000000e+01
2.300000000000000000e+02,7.000000000000000000e+01,4.903199999999999648e+01,5.000000000000000000e+01
2.310000000000000000e+02,7.000000000000000000e+01,4.874199999999999733e+01,5.000000000000000000e+01
2.320000000000000000e+02,7.000000000000000000e+01,4.883899999999999864e+01,5.000000000000000000e+01
2.330000000000000000e+02,7.000000000000000000e+01,4.928999999999999915e+01,5.000000000000000000e+01
2.340000000000000000e+02,7.000000000000000000e+01,4.916100000000000136e+01,5.000000000000000000e+01
2.350000000000000000e+02,7.000000000000000000e+01,4.948299999999999699e+01,5.000000000000000000e+01
2.360000000000000000e+02,7.000000000000000000e+01,4.935399999999999920e+01,5.000000000000000000e+01
2.370000000000000000e+02,7.000000000000000000e+01,4.896800000000000352e+01,5.000000000000000000e+01
2.380000000000000000e+02,7.000000000000000000e+01,4.900000000000000000e+01,5.000000000000000000e+01
2.390000000000000000e+02,7.000000000000000000e+01,4.893599999999999994e+01,5.000000000000000000e+01
2.400000000000000000e+02,7.000000000000000000e+01,4.970900000000000318e+01,5.000000000000000000e+01
2.410000000000000000e+02,7.000000000000000000e+01,4.977300000000000324e+01,5.000000000000000000e+01
2.420000000000000000e+02,7.000000000000000000e+01,4.983800000000000097e+01,5.000000000000000000e+01
2.430000000000000000e+02,7.000000000000000000e+01,4.967699999999999960e+01,5.000000000000000000e+01
2.440000000000000000e+02,7.000000000000000000e+01,4.941899999999999693e+01,5.000000000000000000e+01
2.450000000000000000e+02,7.000000000000000000e+01,4.922599999999999909e+01,5.000000000000000000e+01
2.460000000000000000e+02,7.000000000000000000e+01,4.964500000000000313e+01,5.000000000000000000e+01
2.470000000000000000e+02,7.000000000000000000e+01,4.951599999999999824e+01,5.000000000000000000e+01
2.480000000000000000e+02,7.000000000000000000e+01,4.945100000000000051e+01,5.000000000000000000e+01
2.490000000000000000e+02,7.000000000000000000e+01,4.957999999999999829e+01,5.000000000000000000e+01
2.500000000000000000e+02,7.000000000000000000e+01,4.967699999999999960e+01,5.000000000000000000e+01
2.510000000000000000e+02,7.000000000000000000e+01,4.967699999999999960e+01,5.000000000000000000e+01
2.520000000000000000e+02,7.000000000000000000e+01,5.012800000000000011e+01,5.000000000000000000e+01
2.530000000000000000e+02,7.000000000000000000e+01,5.003099999999999881e+01,5.000000000000000000e+01
2.540000000000000000e+02,7.000000000000000000e+01,4.967699999999999960e+01,5.000000000000000000e+01
2.550000000000000000e+02,7.000000000000000000e+01,4.970900000000000318e+01,5.000000000000000000e+01
2.560000000000000000e+02,7.000000000000000000e+01,4.977300000000000324e+01,5.000000000000000000e+01
2.570000000000000000e+02,7.000000000000000000e+01,4.993500000000000227e+01,5.000000000000000000e+01
2.580000000000000000e+02,7.000000000000000000e+01,4.996699999999999875e+01,5.000000000000000000e+01
2.590000000000000000e+02,7.000000000000000000e+01,4.970900000000000318e+01,5.000000000000000000e+01
2.600000000000000000e+02,7.000000000000000000e+01,4.974099999999999966e+01,5.000000000000000000e+01
2.610000000000000000e+02,7.000000000000000000e+01,4.990200000000000102e+01,5.000000000000000000e+01
2.620000000000000000e+02,7.000000000000000000e+01,4.990200000000000102e+01,5.000000000000000000e+01
2.630000000000000000e+02,7.000000000000000000e+01,4.980599999999999739e+01,5.000000000000000000e+01
2.640000000000000000e+02,7.000000000000000000e+01,4.977300000000000324e+01,5.000000000000000000e+01
2.650000000000000000e+02,7.000000000000000000e+01,4.967699999999999960e+01,5.000000000000000000e+01
2.660000000000000000e+02,7.000000000000000000e+01,5.012800000000000011e+01,5.000000000000000000e+01
2.670000000000000000e+02,7.000000000000000000e+01,4.990200000000000102e+01,5.000000000000000000e+01
2.680000000000000000e+02,7.000000000000000000e+01,5.006300000000000239e+01,5.000000000000000000e+01
2.690000000000000000e+02,7.000000000000000000e+01,5.038600000000000279e+01,5.000000000000000000e+01
2.700000000000000000e+02,7.000000000000000000e+01,5.012800000000000011e+01,5.000000000000000000e+01
2.710000000000000000e+02,7.000000000000000000e+01,5.019200000000000017e+01,5.000000000000000000e+01
2.720000000000000000e+02,7.000000000000000000e+01,4.999900000000000233e+01,5.000000000000000000e+01
2.730000000000000000e+02,7.000000000000000000e+01,5.028900000000000148e+01,5.000000000000000000e+01
2.740000000000000000e+02,7.000000000000000000e+01,5.019200000000000017e+01,5.000000000000000000e+01
2.750000000000000000e+02,7.000000000000000000e+01,5.022500000000000142e+01,5.000000000000000000e+01
2.760000000000000000e+02,7.000000000000000000e+01,5.015999999999999659e+01,5.000000000000000000e+01
2.770000000000000000e+02,7.000000000000000000e+01,5.028900000000000148e+01,5.000000000000000000e+01
2.780000000000000000e+02,7.000000000000000000e+01,5.015999999999999659e+01,5.000000000000000000e+01
2.790000000000000000e+02,7.000000000000000000e+01,5.038600000000000279e+01,5.000000000000000000e+01
2.800000000000000000e+02,7.000000000000000000e+01,5.025699999999999790e+01,5.000000000000000000e+01
2.810000000000000000e+02,7.000000000000000000e+01,5.022500000000000142e+01,5.000000000000000000e+01
2.820000000000000000e+02,7.000000000000000000e+01,5.009599999999999653e+01,5.000000000000000000e+01
2.830000000000000000e+02,7.000000000000000000e+01,5.061099999999999710e+01,5.000000000000000000e+01
2.840000000000000000e+02,7.000000000000000000e+01,5.054699999999999704e+01,5.000000000000000000e+01
2.850000000000000000e+02,7.000000000000000000e+01,5.019200000000000017e+01,5.000000000000000000e+01
2.860000000000000000e+02,7.000000000000000000e+01,5.054699999999999704e+01,5.000000000000000000e+01
2.870000000000000000e+02,7.000000000000000000e+01,5.048199999999999932e+01,5.000000000000000000e+01
2.880000000000000000e+02,7.000000000000000000e+01,5.054699999999999704e+01,5.000000000000000000e+01
2.890000000000000000e+02,7.000000000000000000e+01,5.032099999999999795e+01,5.000000000000000000e+01
2.900000000000000000e+02,7.000000000000000000e+01,5.028900000000000148e+01,5.000000000000000000e+01
2.910000000000000000e+02,7.000000000000000000e+01,5.057900000000000063e+01,5.000000000000000000e+01
2.920000000000000000e+02,7.000000000000000000e+01,5.048199999999999932e+01,5.000000000000000000e+01
2.930000000000000000e+02,7.000000000000000000e+01,5.038600000000000279e+01,5.000000000000000000e+01
2.940000000000000000e+02,7.000000000000000000e+01,5.051500000000000057e+01,5.000000000000000000e+01
2.950000000000000000e+02,7.000000000000000000e+01,5.061099999999999710e+01,5.000000000000000000e+01
2.960000000000000000e+02,7.000000000000000000e+01,5.064399999999999835e+01,5.000000000000000000e+01
2.970000000000000000e+02,7.000000000000000000e+01,5.048199999999999932e+01,5.000000000000000000e+01
2.980000000000000000e+02,7.000000000000000000e+01,5.051500000000000057e+01,5.000000000000000000e+01
2.990000000000000000e+02,7.000000000000000000e+01,5.093399999999999750e+01,5.000000000000000000e+01
3.000000000000000000e+02,7.000000000000000000e+01,5.061099999999999710e+01,5.000000000000000000e+01
3.010000000000000000e+02,7.000000000000000000e+01,5.045000000000000284e+01,5.000000000000000000e+01
3.020000000000000000e+02,7.000000000000000000e+01,5.054699999999999704e+01,5.000000000000000000e+01
3.030000000000000000e+02,7.000000000000000000e+01,5.057900000000000063e+01,5.000000000000000000e+01
3.040000000000000000e+02,7.000000000000000000e+01,5.074000000000000199e+01,5.000000000000000000e+01
3.050000000000000000e+02,7.000000000000000000e+01,5.051500000000000057e+01,5.000000000000000000e+01
3.060000000000000000e+02,7.000000000000000000e+01,5.051500000000000057e+01,5.000000000000000000e+01
3.070000000000000000e+02,7.000000000000000000e+01,5.064399999999999835e+01,5.000000000000000000e+01
3.080000000000000000e+02,7.000000000000000000e+01,5.090100000000000335e+01,5.000000000000000000e+01
3.090000000000000000e+02,7.000000000000000000e+01,5.093399999999999750e+01,5.000000000000000000e+01
3.100000000000000000e+02,7.000000000000000000e+01,5.035399999999999920e+01,5.000000000000000000e+01
3.110000000000000000e+02,7.000000000000000000e+01,5.054699999999999704e+01,5.000000000000000000e+01
3.120000000000000000e+02,7.000000000000000000e+01,5.048199999999999932e+01,5.000000000000000000e+01
3.130000000000000000e+02,7.000000000000000000e+01,5.080499999999999972e+01,5.000000000000000000e+01
3.140000000000000000e+02,7.000000000000000000e+01,5.051500000000000057e+01,5.000000000000000000e+01
3.150000000000000000e+02,7.000000000000000000e+01,5.054699999999999704e+01,5.000000000000000000e+01
3.160000000000000000e+02,7.000000000000000000e+01,5.032099999999999795e+01,5.000000000000000000e+01
3.170000000000000000e+02,7.000000000000000000e+01,5.057900000000000063e+01,5.000000000000000000e+01
3.180000000000000000e+02,7.000000000000000000e+01,5.074000000000000199e+01,5.000000000000000000e+01
3.190000000000000000e+02,7.000000000000000000e+01,5.057900000000000063e+01,5.000000000000000000e+01
3.200000000000000000e+02,7.000000000000000000e+01,5.054699999999999704e+01,5.000000000000000000e+01
3.210000000000000000e+02,7.000000000000000000e+01,5.048199999999999932e+01,5.000000000000000000e+01
3.220000000000000000e+02,7.000000000000000000e+01,5.057900000000000063e+01,5.000000000000000000e+01
3.230000000000000000e+02,7.000000000000000000e+01,5.077199999999999847e+01,5.000000000000000000e+01
3.240000000000000000e+02,7.000000000000000000e+01,5.080499999999999972e+01,5.000000000000000000e+01
3.250000000000000000e+02,7.000000000000000000e+01,5.064399999999999835e+01,5.000000000000000000e+01
3.260000000000000000e+02,7.000000000000000000e+01,5.064399999999999835e+01,5.000000000000000000e+01
3.270000000000000000e+02,7.000000000000000000e+01,5.048199999999999932e+01,5.000000000000000000e+01
3.280000000000000000e+02,7.000000000000000000e+01,5.096600000000000108e+01,5.000000000000000000e+01
3.290000000000000000e+02,7.000000000000000000e+01,5.083700000000000330e+01,5.000000000000000000e+01
3.300000000000000000e+02,7.000000000000000000e+01,5.054699999999999704e+01,5.000000000000000000e+01
3.310000000000000000e+02,7.000000000000000000e+01,5.080499999999999972e+01,5.000000000000000000e+01
3.320000000000000000e+02,7.000000000000000000e+01,5.070799999999999841e+01,5.000000000000000000e+01
3.330000000000000000e+02,7.000000000000000000e+01,5.112700000000000244e+01,5.000000000000000000e+01
3.340000000000000000e+02,7.000000000000000000e+01,5.080499999999999972e+01,5.000000000000000000e+01
3.350000000000000000e+02,7.000000000000000000e+01,5.080499999999999972e+01,5.000000000000000000e+01
3.360000000000000000e+02,7.000000000000000000e+01,5.067600000000000193e+01,5.000000000000000000e+01
3.370000000000000000e+02,7.000000000000000000e+01,5.093399999999999750e+01,5.000000000000000000e+01
3.380000000000000000e+02,7.000000000000000000e+01,5.106300000000000239e+01,5.000000000000000000e+01
3.390000000000000000e+02,7.000000000000000000e+01,5.093399999999999750e+01,5.000000000000000000e+01
3.400000000000000000e+02,7.000000000000000000e+01,5.074000000000000199e+01,5.000000000000000000e+01
3.410000000000000000e+02,7.000000000000000000e+01,5.067600000000000193e+01,5.000000000000000000e+01
3.420000000000000000e+02,7.000000000000000000e+01,5.103000000000000114e+01,5.000000000000000000e+01
3.430000000000000000e+02,7.000000000000000000e+01,5.106300000000000239e+01,5.000000000000000000e+01
3.440000000000000000e+02,7.000000000000000000e+01,5.083700000000000330e+01,5.000000000000000000e+01
3.450000000000000000e+02,7.000000000000000000e+01,5.077199999999999847e+01,5.000000000000000000e+01
3.460000000000000000e+02,7.000000000000000000e+01,5.093399999999999750e+01,5.000000000000000000e+01
3.470000000000000000e+02,7.000000000000000000e+01,5.119100000000000250e+01,5.000000000000000000e+01
3.480000000000000000e+02,7.000000000000000000e+01,5.125600000000000023e+01,5.000000000000000000e+01
3.490000000000000000e+02,7.000000000000000000e+01,5.106300000000000239e+01,5.000000000000000000e+01
3.500000000000000000e+02,7.000000000000000000e+01,5.083700000000000330e+01,5.000000000000000000e+01
3.510000000000000000e+02,7.000000000000000000e+01,5.125600000000000023e+01,5.000000000000000000e+01
3.520000000000000000e+02,7.000000000000000000e+01,5.135300000000000153e+01,5.000000000000000000e+01
3.530000000000000000e+02,7.000000000000000000e+01,5.119100000000000250e+01,5.000000000000000000e+01
3.540000000000000000e+02,7.000000000000000000e+01,5.093399999999999750e+01,5.000000000000000000e+01
3.550000000000000000e+02,7.000000000000000000e+01,5.077199999999999847e+01,5.000000000000000000e+01
3.560000000000000000e+02,7.000000000000000000e+01,5.115899999999999892e+01,5.000000000000000000e+01
3.570000000000000000e+02,7.000000000000000000e+01,5.109499999999999886e+01,5.000000000000000000e+01
3.580000000000000000e+02,7.000000000000000000e+01,5.125600000000000023e+01,5.000000000000000000e+01
3.590000000000000000e+02,7.000000000000000000e+01,5.077199999999999847e+01,5.000000000000000000e+01
3.600000000000000000e+02,7.000000000000000000e+01,5.093399999999999750e+01,5.000000000000000000e+01
3.610000000000000000e+02,7.000000000000000000e+01,5.093399999999999750e+01,5.000000000000000000e+01
3.620000000000000000e+02,7.000000000000000000e+01,5.132000000000000028e+01,5.000000000000000000e+01
3.630000000000000000e+02,7.000000000000000000e+01,5.115899999999999892e+01,5.000000000000000000e+01
3.640000000000000000e+02,7.000000000000000000e+01,5.083700000000000330e+01,5.000000000000000000e+01
3.650000000000000000e+02,7.000000000000000000e+01,5.125600000000000023e+01,5.000000000000000000e+01
3.660000000000000000e+02,7.000000000000000000e+01,5.125600000000000023e+01,5.000000000000000000e+01
3.670000000000000000e+02,7.000000000000000000e+01,5.122399999999999665e+01,5.000000000000000000e+01
3.680000000000000000e+02,7.000000000000000000e+01,5.109499999999999886e+01,5.000000000000000000e+01
3.690000000000000000e+02,7.000000000000000000e+01,5.099799999999999756e+01,5.000000000000000000e+01
3.700000000000000000e+02,7.000000000000000000e+01,5.112700000000000244e+01,5.000000000000000000e+01
3.710000000000000000e+02,7.000000000000000000e+01,5.132000000000000028e+01,5.000000000000000000e+01
3.720000000000000000e+02,7.000000000000000000e+01,5.138499999999999801e+01,5.000000000000000000e+01
3.730000000000000000e+02,7.000000000000000000e+01,5.106300000000000239e+01,5.000000000000000000e+01
3.740000000000000000e+02,7.000000000000000000e+01,5.109499999999999886e+01,5.000000000000000000e+01
3.750000000000000000e+02,7.000000000000000000e+01,5.128799999999999670e+01,5.000000000000000000e+01
3.760000000000000000e+02,7.000000000000000000e+01,5.148100000000000165e+01,5.000000000000000000e+01
3.770000000000000000e+02,7.000000000000000000e+01,5.125600000000000023e+01,5.000000000000000000e+01
3.780000000000000000e+02,7.000000000000000000e+01,5.109499999999999886e+01,5.000000000000000000e+01
3.790000000000000000e+02,7.000000000000000000e+01,5.112700000000000244e+01,5.000000000000000000e+01
3.800000000000000000e+02,7.000000000000000000e+01,5.125600000000000023e+01,5.000000000000000000e+01
3.810000000000000000e+02,7.000000000000000000e+01,5.157800000000000296e+01,5.000000000000000000e+01
3.820000000000000000e+02,7.000000000000000000e+01,5.125600000000000023e+01,5.000000000000000000e+01
3.830000000000000000e+02,7.000000000000000000e+01,5.128799999999999670e+01,5.000000000000000000e+01
3.840000000000000000e+02,7.000000000000000000e+01,5.099799999999999756e+01,5.000000000000000000e+01
3.850000000000000000e+02,7.000000000000000000e+01,5.154599999999999937e+01,5.000000000000000000e+01
3.860000000000000000e+02,7.000000000000000000e+01,5.167499999999999716e+01,5.000000000000000000e+01
3.870000000000000000e+02,7.000000000000000000e+01,5.122399999999999665e+01,5.000000000000000000e+01
3.880000000000000000e+02,7.000000000000000000e+01,5.128799999999999670e+01,5.000000000000000000e+01
3.890000000000000000e+02,7.000000000000000000e+01,5.125600000000000023e+01,5.000000000000000000e+01
3.900000000000000000e+02,7.000000000000000000e+01,5.160999999999999943e+01,5.000000000000000000e+01
3.910000000000000000e+02,7.000000000000000000e+01,5.148100000000000165e+01,5.000000000000000000e+01
3.920000000000000000e+02,7.000000000000000000e+01,5.154599999999999937e+01,5.000000000000000000e+01
3.930000000000000000e+02,7.000000000000000000e+01,5.125600000000000023e+01,5.000000000000000000e+01
3.940000000000000000e+02,7.000000000000000000e+01,5.151400000000000290e+01,5.000000000000000000e+01
3.950000000000000000e+02,7.000000000000000000e+01,5.141700000000000159e+01,5.000000000000000000e+01
3.960000000000000000e+02,7.000000000000000000e+01,5.170700000000000074e+01,5.000000000000000000e+01
3.970000000000000000e+02,7.000000000000000000e+01,5.135300000000000153e+01,5.000000000000000000e+01
3.980000000000000000e+02,7.000000000000000000e+01,5.132000000000000028e+01,5.000000000000000000e+01
3.990000000000000000e+02,7.000000000000000000e+01,5.122399999999999665e+01,5.000000000000000000e+01
4.000000000000000000e+02,7.000000000000000000e+01,5.144899999999999807e+01,5.000000000000000000e+01
4.010000000000000000e+02,7.000000000000000000e+01,5.151400000000000290e+01,5.000000000000000000e+01
4.020000000000000000e+02,7.000000000000000000e+01,5.173899999999999721e+01,5.000000000000000000e+01
4.030000000000000000e+02,7.000000000000000000e+01,5.144899999999999807e+01,5.000000000000000000e+01
4.040000000000000000e+02,7.000000000000000000e+01,5.144899999999999807e+01,5.000000000000000000e+01
4.050000000000000000e+02,7.000000000000000000e+01,5.115899999999999892e+01,5.000000000000000000e+01
4.060000000000000000e+02,7.000000000000000000e+01,5.151400000000000290e+01,5.000000000000000000e+01
4.070000000000000000e+02,7.000000000000000000e+01,5.154599999999999937e+01,5.000000000000000000e+01
4.080000000000000000e+02,7.000000000000000000e+01,5.170700000000000074e+01,5.000000000000000000e+01
4.090000000000000000e+02,7.000000000000000000e+01,5.128799999999999670e+01,5.000000000000000000e+01
4.100000000000000000e+02,7.000000000000000000e+01,5.122399999999999665e+01,5.000000000000000000e+01
4.110000000000000000e+02,7.000000000000000000e+01,5.157800000000000296e+01,5.000000000000000000e+01
4.120000000000000000e+02,7.000000000000000000e+01,5.157800000000000296e+01,5.000000000000000000e+01
4.130000000000000000e+02,7.000000000000000000e+01,5.160999999999999943e+01,5.000000000000000000e+01
4.140000000000000000e+02,7.000000000000000000e+01,5.128799999999999670e+01,5.000000000000000000e+01
4.150000000000000000e+02,7.000000000000000000e+01,5.138499999999999801e+01,5.000000000000000000e+01
4.160000000000000000e+02,7.000000000000000000e+01,5.160999999999999943e+01,5.000000000000000000e+01
4.170000000000000000e+02,7.000000000000000000e+01,5.170700000000000074e+01,5.000000000000000000e+01
4.180000000000000000e+02,7.000000000000000000e+01,5.157800000000000296e+01,5.000000000000000000e+01
4.190000000000000000e+02,7.000000000000000000e+01,5.103000000000000114e+01,5.000000000000000000e+01
4.200000000000000000e+02,7.000000000000000000e+01,5.157800000000000296e+01,5.000000000000000000e+01
4.210000000000000000e+02,7.000000000000000000e+01,5.157800000000000296e+01,5.000000000000000000e+01
4.220000000000000000e+02,7.000000000000000000e+01,5.144899999999999807e+01,5.000000000000000000e+01
4.230000000000000000e+02,7.000000000000000000e+01,5.109499999999999886e+01,5.000000000000000000e+01
4.240000000000000000e+02,7.000000000000000000e+01,5.106300000000000239e+01,5.000000000000000000e+01
4.250000000000000000e+02,7.000000000000000000e+01,5.154599999999999937e+01,5.000000000000000000e+01
4.260000000000000000e+02,7.000000000000000000e+01,5.154599999999999937e+01,5.000000000000000000e+01
4.270000000000000000e+02,7.000000000000000000e+01,5.132000000000000028e+01,5.000000000000000000e+01
4.280000000000000000e+02,7.000000000000000000e+01,5.112700000000000244e+01,5.000000000000000000e+01
4.290000000000000000e+02,7.000000000000000000e+01,5.132000000000000028e+01,5.000000000000000000e+01
4.300000000000000000e+02,7.000000000000000000e+01,5.164300000000000068e+01,5.000000000000000000e+01
4.310000000000000000e+02,7.000000000000000000e+01,5.167499999999999716e+01,5.000000000000000000e+01
4.320000000000000000e+02,7.000000000000000000e+01,5.141700000000000159e+01,5.000000000000000000e+01
4.330000000000000000e+02,7.000000000000000000e+01,5.125600000000000023e+01,5.000000000000000000e+01
4.340000000000000000e+02,7.000000000000000000e+01,5.106300000000000239e+01,5.000000000000000000e+01
4.350000000000000000e+02,7.000000000000000000e+01,5.144899999999999807e+01,5.000000000000000000e+01
4.360000000000000000e+02,7.000000000000000000e+01,5.141700000000000159e+01,5.000000000000000000e+01
4.370000000000000000e+02,7.000000000000000000e+01,5.164300000000000068e+01,5.000000000000000000e+01
4.380000000000000000e+02,7.000000000000000000e+01,5.125600000000000023e+01,5.000000000000000000e+01
4.390000000000000000e+02,7.000000000000000000e+01,5.122399999999999665e+01,5.000000000000000000e+01
4.400000000000000000e+02,7.000000000000000000e+01,5.128799999999999670e+01,5.000000000000000000e+01
4.410000000000000000e+02,7.000000000000000000e+01,5.157800000000000296e+01,5.000000000000000000e+01
4.420000000000000000e+02,7.000000000000000000e+01,5.160999999999999943e+01,5.000000000000000000e+01
4.430000000000000000e+02,7.000000000000000000e+01,5.122399999999999665e+01,5.000000000000000000e+01
4.440000000000000000e+02,7.000000000000000000e+01,5.132000000000000028e+01,5.000000000000000000e+01
4.450000000000000000e+02,7.000000000000000000e+01,5.177100000000000080e+01,5.000000000000000000e+01
4.460000000000000000e+02,7.000000000000000000e+01,5.151400000000000290e+01,5.000000000000000000e+01
4.470000000000000000e+02,7.000000000000000000e+01,5.132000000000000028e+01,5.000000000000000000e+01
4.480000000000000000e+02,7.000000000000000000e+01,5.119100000000000250e+01,5.000000000000000000e+01
4.490000000000000000e+02,7.000000000000000000e+01,5.154599999999999937e+01,5.000000000000000000e+01
4.500000000000000000e+02,7.000000000000000000e+01,5.148100000000000165e+01,5.000000000000000000e+01
4.510000000000000000e+02,7.000000000000000000e+01,5.144899999999999807e+01,5.000000000000000000e+01
4.520000000000000000e+02,7.000000000000000000e+01,5.125600000000000023e+01,5.000000000000000000e+01
4.530000000000000000e+02,7.000000000000000000e+01,5.119100000000000250e+01,5.000000000000000000e+01
4.540000000000000000e+02,7.000000000000000000e+01,5.154599999999999937e+01,5.000000000000000000e+01
4.550000000000000000e+02,7.000000000000000000e+01,5.167499999999999716e+01,5.000000000000000000e+01
4.560000000000000000e+02,7.000000000000000000e+01,5.167499999999999716e+01,5.000000000000000000e+01
4.570000000000000000e+02,7.000000000000000000e+01,5.154599999999999937e+01,5.000000000000000000e+01
4.580000000000000000e+02,7.000000000000000000e+01,5.135300000000000153e+01,5.000000000000000000e+01
4.590000000000000000e+02,7.000000000000000000e+01,5.154599999999999937e+01,5.000000000000000000e+01
4.600000000000000000e+02,7.000000000000000000e+01,5.186800000000000210e+01,5.000000000000000000e+01
4.610000000000000000e+02,7.000000000000000000e+01,5.148100000000000165e+01,5.000000000000000000e+01
4.620000000000000000e+02,7.000000000000000000e+01,5.164300000000000068e+01,5.000000000000000000e+01
4.630000000000000000e+02,7.000000000000000000e+01,5.138499999999999801e+01,5.000000000000000000e+01
4.640000000000000000e+02,7.000000000000000000e+01,5.154599999999999937e+01,5.000000000000000000e+01
4.650000000000000000e+02,7.000000000000000000e+01,5.167499999999999716e+01,5.000000000000000000e+01
4.660000000000000000e+02,7.000000000000000000e+01,5.177100000000000080e+01,5.000000000000000000e+01
4.670000000000000000e+02,7.000000000000000000e+01,5.196500000000000341e+01,5.000000000000000000e+01
4.680000000000000000e+02,7.000000000000000000e+01,5.170700000000000074e+01,5.000000000000000000e+01
4.690000000000000000e+02,7.000000000000000000e+01,5.164300000000000068e+01,5.000000000000000000e+01
4.700000000000000000e+02,7.000000000000000000e+01,5.157800000000000296e+01,5.000000000000000000e+01
4.710000000000000000e+02,7.000000000000000000e+01,5.180400000000000205e+01,5.000000000000000000e+01
4.720000000000000000e+02,7.000000000000000000e+01,5.189999999999999858e+01,5.000000000000000000e+01
4.730000000000000000e+02,7.000000000000000000e+01,5.206199999999999761e+01,5.000000000000000000e+01
4.740000000000000000e+02,7.000000000000000000e+01,5.177100000000000080e+01,5.000000000000000000e+01
4.750000000000000000e+02,7.000000000000000000e+01,5.170700000000000074e+01,5.000000000000000000e+01
4.760000000000000000e+02,7.000000000000000000e+01,5.157800000000000296e+01,5.000000000000000000e+01
4.770000000000000000e+02,7.000000000000000000e+01,5.193299999999999983e+01,5.000000000000000000e+01
4.780000000000000000e+02,7.000000000000000000e+01,5.183599999999999852e+01,5.000000000000000000e+01
4.790000000000000000e+02,7.000000000000000000e+01,5.202900000000000347e+01,5.000000000000000000e+01
4.800000000000000000e+02,7.000000000000000000e+01,5.167499999999999716e+01,5.000000000000000000e+01
4.810000000000000000e+02,7.000000000000000000e+01,5.180400000000000205e+01,5.000000000000000000e+01
4.820000000000000000e+02,7.000000000000000000e+01,5.160999999999999943e+01,5.000000000000000000e+01
4.830000000000000000e+02,7.000000000000000000e+01,5.193299999999999983e+01,5.000000000000000000e+01
4.840000000000000000e+02,7.000000000000000000e+01,5.189999999999999858e+01,5.000000000000000000e+01
4.850000000000000000e+02,7.000000000000000000e+01,5.186800000000000210e+01,5.000000000000000000e+01
4.860000000000000000e+02,7.000000000000000000e+01,5.164300000000000068e+01,5.000000000000000000e+01
4.870000000000000000e+02,7.000000000000000000e+01,5.164300000000000068e+01,5.000000000000000000e+01
4.880000000000000000e+02,7.000000000000000000e+01,5.202900000000000347e+01,5.000000000000000000e+01
4.890000000000000000e+02,7.000000000000000000e+01,5.193299999999999983e+01,5.000000000000000000e+01
4.900000000000000000e+02,7.000000000000000000e+01,5.177100000000000080e+01,5.000000000000000000e+01
4.910000000000000000e+02,7.000000000000000000e+01,5.148100000000000165e+01,5.000000000000000000e+01
4.920000000000000000e+02,7.000000000000000000e+01,5.173899999999999721e+01,5.000000000000000000e+01
4.930000000000000000e+02,7.000000000000000000e+01,5.164300000000000068e+01,5.000000000000000000e+01
4.940000000000000000e+02,7.000000000000000000e+01,5.196500000000000341e+01,5.000000000000000000e+01
4.950000000000000000e+02,7.000000000000000000e+01,5.173899999999999721e+01,5.000000000000000000e+01
4.960000000000000000e+02,7.000000000000000000e+01,5.135300000000000153e+01,5.000000000000000000e+01
4.970000000000000000e+02,7.000000000000000000e+01,5.186800000000000210e+01,5.000000000000000000e+01
4.980000000000000000e+02,7.000000000000000000e+01,5.196500000000000341e+01,5.000000000000000000e+01
4.990000000000000000e+02,7.000000000000000000e+01,5.189999999999999858e+01,5.000000000000000000e+01
5.000000000000000000e+02,7.000000000000000000e+01,5.170700000000000074e+01,5.000000000000000000e+01
5.010000000000000000e+02,7.000000000000000000e+01,5.164300000000000068e+01,5.000000000000000000e+01
5.020000000000000000e+02,7.000000000000000000e+01,5.164300000000000068e+01,5.000000000000000000e+01
5.030000000000000000e+02,7.000000000000000000e+01,5.177100000000000080e+01,5.000000000000000000e+01
5.040000000000000000e+02,7.000000000000000000e+01,5.202900000000000347e+01,5.000000000000000000e+01
5.050000000000000000e+02,7.000000000000000000e+01,5.189999999999999858e+01,5.000000000000000000e+01
5.060000000000000000e+02,7.000000000000000000e+01,5.196500000000000341e+01,5.000000000000000000e+01
5.070000000000000000e+02,7.000000000000000000e+01,5.151400000000000290e+01,5.000000000000000000e+01
5.080000000000000000e+02,7.000000000000000000e+01,5.170700000000000074e+01,5.000000000000000000e+01
5.090000000000000000e+02,7.000000000000000000e+01,5.170700000000000074e+01,5.000000000000000000e+01
5.100000000000000000e+02,7.000000000000000000e+01,5.209400000000000119e+01,5.000000000000000000e+01
5.110000000000000000e+02,7.000000000000000000e+01,5.186800000000000210e+01,5.000000000000000000e+01
5.120000000000000000e+02,7.000000000000000000e+01,5.180400000000000205e+01,5.000000000000000000e+01
5.130000000000000000e+02,7.000000000000000000e+01,5.151400000000000290e+01,5.000000000000000000e+01
5.140000000000000000e+02,7.000000000000000000e+01,5.186800000000000210e+01,5.000000000000000000e+01
5.150000000000000000e+02,7.000000000000000000e+01,5.189999999999999858e+01,5.000000000000000000e+01
5.160000000000000000e+02,7.000000000000000000e+01,5.199699999999999989e+01,5.000000000000000000e+01
5.170000000000000000e+02,7.000000000000000000e+01,5.160999999999999943e+01,5.000000000000000000e+01
5.180000000000000000e+02,7.000000000000000000e+01,5.177100000000000080e+01,5.000000000000000000e+01
5.190000000000000000e+02,7.000000000000000000e+01,5.173899999999999721e+01,5.000000000000000000e+01
5.200000000000000000e+02,7.000000000000000000e+01,5.196500000000000341e+01,5.000000000000000000e+01
5.210000000000000000e+02,7.000000000000000000e+01,5.209400000000000119e+01,5.000000000000000000e+01
5.220000000000000000e+02,7.000000000000000000e+01,5.183599999999999852e+01,5.000000000000000000e+01
5.230000000000000000e+02,7.000000000000000000e+01,5.177100000000000080e+01,5.000000000000000000e+01
5.240000000000000000e+02,7.000000000000000000e+01,5.180400000000000205e+01,5.000000000000000000e+01
5.250000000000000000e+02,7.000000000000000000e+01,5.173899999999999721e+01,5.000000000000000000e+01
5.260000000000000000e+02,7.000000000000000000e+01,5.215800000000000125e+01,5.000000000000000000e+01
5.270000000000000000e+02,7.000000000000000000e+01,5.206199999999999761e+01,5.000000000000000000e+01
5.280000000000000000e+02,7.000000000000000000e+01,5.202900000000000347e+01,5.000000000000000000e+01
5.290000000000000000e+02,7.000000000000000000e+01,5.173899999999999721e+01,5.000000000000000000e+01
5.300000000000000000e+02,7.000000000000000000e+01,5.180400000000000205e+01,5.000000000000000000e+01
5.310000000000000000e+02,7.000000000000000000e+01,5.167499999999999716e+01,5.000000000000000000e+01
5.320000000000000000e+02,7.000000000000000000e+01,5.212599999999999767e+01,5.000000000000000000e+01
5.330000000000000000e+02,7.000000000000000000e+01,5.218999999999999773e+01,5.000000000000000000e+01
5.340000000000000000e+02,7.000000000000000000e+01,5.225500000000000256e+01,5.000000000000000000e+01
5.350000000000000000e+02,7.000000000000000000e+01,5.183599999999999852e+01,5.000000000000000000e+01
5.360000000000000000e+02,7.000000000000000000e+01,5.193299999999999983e+01,5.000000000000000000e+01
5.370000000000000000e+02,7.000000000000000000e+01,5.189999999999999858e+01,5.000000000000000000e+01
5.380000000000000000e+02,7.000000000000000000e+01,5.206199999999999761e+01,5.000000000000000000e+01
5.390000000000000000e+02,7.000000000000000000e+01,5.225500000000000256e+01,5.000000000000000000e+01
5.400000000000000000e+02,7.000000000000000000e+01,5.209400000000000119e+01,5.000000000000000000e+01
5.410000000000000000e+02,7.000000000000000000e+01,5.202900000000000347e+01,5.000000000000000000e+01
5.420000000000000000e+02,7.000000000000000000e+01,5.189999999999999858e+01,5.000000000000000000e+01
5.430000000000000000e+02,7.000000000000000000e+01,5.199699999999999989e+01,5.000000000000000000e+01
5.440000000000000000e+02,7.000000000000000000e+01,5.231900000000000261e+01,5.000000000000000000e+01
5.450000000000000000e+02,7.000000000000000000e+01,5.206199999999999761e+01,5.000000000000000000e+01
5.460000000000000000e+02,7.000000000000000000e+01,5.212599999999999767e+01,5.000000000000000000e+01
5.470000000000000000e+02,7.000000000000000000e+01,5.199699999999999989e+01,5.000000000000000000e+01
5.480000000000000000e+02,7.000000000000000000e+01,5.193299999999999983e+01,5.000000000000000000e+01
5.490000000000000000e+02,7.000000000000000000e+01,5.218999999999999773e+01,5.000000000000000000e+01
5.500000000000000000e+02,7.000000000000000000e+01,5.225500000000000256e+01,5.000000000000000000e+01
5.510000000000000000e+02,7.000000000000000000e+01,5.206199999999999761e+01,5.000000000000000000e+01
5.520000000000000000e+02,7.000000000000000000e+01,5.215800000000000125e+01,5.000000000000000000e+01
5.530000000000000000e+02,7.000000000000000000e+01,5.189999999999999858e+01,5.000000000000000000e+01
5.540000000000000000e+02,7.000000000000000000e+01,5.238400000000000034e+01,5.000000000000000000e+01
5.550000000000000000e+02,7.000000000000000000e+01,5.231900000000000261e+01,5.000000000000000000e+01
5.560000000000000000e+02,7.000000000000000000e+01,5.218999999999999773e+01,5.000000000000000000e+01
5.570000000000000000e+02,7.000000000000000000e+01,5.186800000000000210e+01,5.000000000000000000e+01
5.580000000000000000e+02,7.000000000000000000e+01,5.189999999999999858e+01,5.000000000000000000e+01
5.590000000000000000e+02,7.000000000000000000e+01,5.212599999999999767e+01,5.000000000000000000e+01
5.600000000000000000e+02,7.000000000000000000e+01,5.228699999999999903e+01,5.000000000000000000e+01
5.610000000000000000e+02,7.000000000000000000e+01,5.231900000000000261e+01,5.000000000000000000e+01
5.620000000000000000e+02,7.000000000000000000e+01,5.180400000000000205e+01,5.000000000000000000e+01
5.630000000000000000e+02,7.000000000000000000e+01,5.202900000000000347e+01,5.000000000000000000e+01
5.640000000000000000e+02,7.000000000000000000e+01,5.206199999999999761e+01,5.000000000000000000e+01
5.650000000000000000e+02,7.000000000000000000e+01,5.247999999999999687e+01,5.000000000000000000e+01
5.660000000000000000e+02,7.000000000000000000e+01,5.228699999999999903e+01,5.000000000000000000e+01
5.670000000000000000e+02,7.000000000000000000e+01,5.222299999999999898e+01,5.000000000000000000e+01
5.680000000000000000e+02,7.000000000000000000e+01,5.180400000000000205e+01,5.000000000000000000e+01
5.690000000000000000e+02,7.000000000000000000e+01,5.202900000000000347e+01,5.000000000000000000e+01
5.700000000000000000e+02,7.000000000000000000e+01,5.212599999999999767e+01,5.000000000000000000e+01
5.710000000000000000e+02,7.000000000000000000e+01,5.241599999999999682e+01,5.000000000000000000e+01
5.720000000000000000e+02,7.000000000000000000e+01,5.209400000000000119e+01,5.000000000000000000e+01
5.730000000000000000e+02,7.000000000000000000e+01,5.206199999999999761e+01,5.000000000000000000e+01
5.740000000000000000e+02,7.000000000000000000e+01,5.180400000000000205e+01,5.000000000000000000e+01
5.750000000000000000e+02,7.000000000000000000e+01,5.225500000000000256e+01,5.000000000000000000e+01
5.760000000000000000e+02,7.000000000000000000e+01,5.235199999999999676e+01,5.000000000000000000e+01
5.770000000000000000e+02,7.000000000000000000e+01,5.209400000000000119e+01,5.000000000000000000e+01
5.780000000000000000e+02,7.000000000000000000e+01,5.189999999999999858e+01,5.000000000000000000e+01
5.790000000000000000e+02,7.000000000000000000e+01,5.206199999999999761e+01,5.000000000000000000e+01
5.800000000000000000e+02,7.000000000000000000e+01,5.241599999999999682e+01,5.000000000000000000e+01
5.810000000000000000e+02,7.000000000000000000e+01,5.228699999999999903e+01,5.000000000000000000e+01
5.820000000000000000e+02,7.000000000000000000e+01,5.215800000000000125e+01,5.000000000000000000e+01
5.830000000000000000e+02,7.000000000000000000e+01,5.196500000000000341e+01,5.000000000000000000e+01
5.840000000000000000e+02,7.000000000000000000e+01,5.209400000000000119e+01,5.000000000000000000e+01
5.850000000000000000e+02,7.000000000000000000e+01,5.206199999999999761e+01,5.000000000000000000e+01
5.860000000000000000e+02,7.000000000000000000e+01,5.241599999999999682e+01,5.000000000000000000e+01
5.870000000000000000e+02,7.000000000000000000e+01,5.209400000000000119e+01,5.000000000000000000e+01
5.880000000000000000e+02,7.000000000000000000e+01,5.206199999999999761e+01,5.000000000000000000e+01
5.890000000000000000e+02,7.000000000000000000e+01,5.186800000000000210e+01,5.000000000000000000e+01
5.900000000000000000e+02,7.000000000000000000e+01,5.218999999999999773e+01,5.000000000000000000e+01
5.910000000000000000e+02,7.000000000000000000e+01,5.241599999999999682e+01,5.000000000000000000e+01
5.920000000000000000e+02,7.000000000000000000e+01,5.251299999999999812e+01,5.000000000000000000e+01
5.930000000000000000e+02,7.000000000000000000e+01,5.206199999999999761e+01,5.000000000000000000e+01
5.940000000000000000e+02,7.000000000000000000e+01,5.215800000000000125e+01,5.000000000000000000e+01
5.950000000000000000e+02,7.000000000000000000e+01,5.189999999999999858e+01,5.000000000000000000e+01
5.960000000000000000e+02,7.000000000000000000e+01,5.241599999999999682e+01,5.000000000000000000e+01
5.970000000000000000e+02,7.000000000000000000e+01,5.235199999999999676e+01,5.000000000000000000e+01
5.980000000000000000e+02,7.000000000000000000e+01,5.238400000000000034e+01,5.000000000000000000e+01
5.990000000000000000e+02,7.000000000000000000e+01,5.189999999999999858e+01,5.000000000000000000e+01
6.000000000000000000e+02,7.000000000000000000e+01,5.222299999999999898e+01,5.000000000000000000e+01
6.010000000000000000e+02,7.000000000000000000e+01,5.244800000000000040e+01,5.000000000000000000e+01
6.020000000000000000e+02,7.000000000000000000e+01,5.247999999999999687e+01,5.000000000000000000e+01
6.030000000000000000e+02,7.000000000000000000e+01,5.206199999999999761e+01,5.000000000000000000e+01
6.040000000000000000e+02,7.000000000000000000e+01,5.202900000000000347e+01,5.000000000000000000e+01
6.050000000000000000e+02,7.000000000000000000e+01,5.206199999999999761e+01,5.000000000000000000e+01
6.060000000000000000e+02,7.000000000000000000e+01,5.222299999999999898e+01,5.000000000000000000e+01
6.070000000000000000e+02,7.000000000000000000e+01,5.228699999999999903e+01,5.000000000000000000e+01
6.080000000000000000e+02,7.000000000000000000e+01,5.222299999999999898e+01,5.000000000000000000e+01
6.090000000000000000e+02,7.000000000000000000e+01,5.212599999999999767e+01,5.000000000000000000e+01
6.100000000000000000e+02,7.000000000000000000e+01,5.202900000000000347e+01,5.000000000000000000e+01
6.110000000000000000e+02,7.000000000000000000e+01,5.228699999999999903e+01,5.000000000000000000e+01
6.120000000000000000e+02,7.000000000000000000e+01,5.228699999999999903e+01,5.000000000000000000e+01
6.130000000000000000e+02,7.000000000000000000e+01,5.244800000000000040e+01,5.000000000000000000e+01
6.140000000000000000e+02,7.000000000000000000e+01,5.218999999999999773e+01,5.000000000000000000e+01
6.150000000000000000e+02,7.000000000000000000e+01,5.215800000000000125e+01,5.000000000000000000e+01
6.160000000000000000e+02,7.000000000000000000e+01,5.199699999999999989e+01,5.000000000000000000e+01
6.170000000000000000e+02,7.000000000000000000e+01,5.238400000000000034e+01,5.000000000000000000e+01
6.180000000000000000e+02,7.000000000000000000e+01,5.222299999999999898e+01,5.000000000000000000e+01
6.190000000000000000e+02,7.000000000000000000e+01,5.225500000000000256e+01,5.000000000000000000e+01
6.200000000000000000e+02,7.000000000000000000e+01,5.206199999999999761e+01,5.000000000000000000e+01
6.210000000000000000e+02,7.000000000000000000e+01,5.212599999999999767e+01,5.000000000000000000e+01
6.220000000000000000e+02,7.000000000000000000e+01,5.238400000000000034e+01,5.000000000000000000e+01
6.230000000000000000e+02,7.000000000000000000e+01,5.228699999999999903e+01,5.000000000000000000e+01
6.240000000000000000e+02,7.000000000000000000e+01,5.228699999999999903e+01,5.000000000000000000e+01
6.250000000000000000e+02,7.000000000000000000e+01,5.199699999999999989e+01,5.000000000000000000e+01
6.260000000000000000e+02,7.000000000000000000e+01,5.222299999999999898e+01,5.000000000000000000e+01
6.270000000000000000e+02,7.000000000000000000e+01,5.231900000000000261e+01,5.000000000000000000e+01
6.280000000000000000e+02,7.000000000000000000e+01,5.238400000000000034e+01,5.000000000000000000e+01
6.290000000000000000e+02,7.000000000000000000e+01,5.225500000000000256e+01,5.000000000000000000e+01
6.300000000000000000e+02,7.000000000000000000e+01,5.209400000000000119e+01,5.000000000000000000e+01
6.310000000000000000e+02,7.000000000000000000e+01,5.206199999999999761e+01,5.000000000000000000e+01
6.320000000000000000e+02,7.000000000000000000e+01,5.235199999999999676e+01,5.000000000000000000e+01
6.330000000000000000e+02,7.000000000000000000e+01,5.231900000000000261e+01,5.000000000000000000e+01
6.340000000000000000e+02,7.000000000000000000e+01,5.235199999999999676e+01,5.000000000000000000e+01
6.350000000000000000e+02,7.000000000000000000e+01,5.222299999999999898e+01,5.000000000000000000e+01
6.360000000000000000e+02,7.000000000000000000e+01,5.196500000000000341e+01,5.000000000000000000e+01
6.370000000000000000e+02,7.000000000000000000e+01,5.218999999999999773e+01,5.000000000000000000e+01
6.380000000000000000e+02,7.000000000000000000e+01,5.212599999999999767e+01,5.000000000000000000e+01
6.390000000000000000e+02,7.000000000000000000e+01,5.257699999999999818e+01,5.000000000000000000e+01
6.400000000000000000e+02,7.000000000000000000e+01,5.251299999999999812e+01,5.000000000000000000e+01
6.410000000000000000e+02,7.000000000000000000e+01,5.231900000000000261e+01,5.000000000000000000e+01
6.420000000000000000e+02,7.000000000000000000e+01,5.202900000000000347e+01,5.000000000000000000e+01
6.430000000000000000e+02,7.000000000000000000e+01,5.202900000000000347e+01,5.000000000000000000e+01
6.440000000000000000e+02,7.000000000000000000e+01,5.218999999999999773e+01,5.000000000000000000e+01
6.450000000000000000e+02,7.000000000000000000e+01,5.222299999999999898e+01,5.000000000000000000e+01
6.460000000000000000e+02,7.000000000000000000e+01,5.244800000000000040e+01,5.000000000000000000e+01
6.470000000000000000e+02,7.000000000000000000e+01,5.222299999999999898e+01,5.000000000000000000e+01
6.480000000000000000e+02,7.000000000000000000e+01,5.222299999999999898e+01,5.000000000000000000e+01
6.490000000000000000e+02,7.000000000000000000e+01,5.196500000000000341e+01,5.000000000000000000e+01
6.500000000000000000e+02,7.000000000000000000e+01,5.209400000000000119e+01,5.000000000000000000e+01
6.510000000000000000e+02,7.000000000000000000e+01,5.215800000000000125e+01,5.000000000000000000e+01
6.520000000000000000e+02,7.000000000000000000e+01,5.215800000000000125e+01,5.000000000000000000e+01
6.530000000000000000e+02,7.000000000000000000e+01,5.241599999999999682e+01,5.000000000000000000e+01
6.540000000000000000e+02,7.000000000000000000e+01,5.231900000000000261e+01,5.000000000000000000e+01
6.550000000000000000e+02,7.000000000000000000e+01,5.231900000000000261e+01,5.000000000000000000e+01
6.560000000000000000e+02,7.000000000000000000e+01,5.206199999999999761e+01,5.000000000000000000e+01
6.570000000000000000e+02,7.000000000000000000e+01,5.202900000000000347e+01,5.000000000000000000e+01
6.580000000000000000e+02,7.000000000000000000e+01,5.231900000000000261e+01,5.000000000000000000e+01
6.590000000000000000e+02,7.000000000000000000e+01,5.247999999999999687e+01,5.000000000000000000e+01
6.600000000000000000e+02,7.000000000000000000e+01,5.235199999999999676e+01,5.000000000000000000e+01
6.610000000000000000e+02,7.000000000000000000e+01,5.218999999999999773e+01,5.000000000000000000e+01
6.620000000000000000e+02,7.000000000000000000e+01,5.202900000000000347e+01,5.000000000000000000e+01
6.630000000000000000e+02,7.000000000000000000e+01,5.225500000000000256e+01,5.000000000000000000e+01
6.640000000000000000e+02,7.000000000000000000e+01,5.228699999999999903e+01,5.000000000000000000e+01
6.650000000000000000e+02,7.000000000000000000e+01,5.231900000000000261e+01,5.000000000000000000e+01
6.660000000000000000e+02,7.000000000000000000e+01,5.235199999999999676e+01,5.000000000000000000e+01
6.670000000000000000e+02,7.000000000000000000e+01,5.212599999999999767e+01,5.000000000000000000e+01
6.680000000000000000e+02,7.000000000000000000e+01,5.215800000000000125e+01,5.000000000000000000e+01
6.690000000000000000e+02,7.000000000000000000e+01,5.193299999999999983e+01,5.000000000000000000e+01
6.700000000000000000e+02,7.000000000000000000e+01,5.228699999999999903e+01,5.000000000000000000e+01
6.710000000000000000e+02,7.000000000000000000e+01,5.215800000000000125e+01,5.000000000000000000e+01
6.720000000000000000e+02,7.000000000000000000e+01,5.231900000000000261e+01,5.000000000000000000e+01
6.730000000000000000e+02,7.000000000000000000e+01,5.235199999999999676e+01,5.000000000000000000e+01
6.740000000000000000e+02,7.000000000000000000e+01,5.196500000000000341e+01,5.000000000000000000e+01
6.750000000000000000e+02,7.000000000000000000e+01,5.202900000000000347e+01,5.000000000000000000e+01
6.760000000000000000e+02,7.000000000000000000e+01,5.177100000000000080e+01,5.000000000000000000e+01
6.770000000000000000e+02,7.000000000000000000e+01,5.183599999999999852e+01,5.000000000000000000e+01
6.780000000000000000e+02,7.000000000000000000e+01,5.212599999999999767e+01,5.000000000000000000e+01
6.790000000000000000e+02,7.000000000000000000e+01,5.206199999999999761e+01,5.000000000000000000e+01
6.800000000000000000e+02,7.000000000000000000e+01,5.238400000000000034e+01,5.000000000000000000e+01
6.810000000000000000e+02,7.000000000000000000e+01,5.222299999999999898e+01,5.000000000000000000e+01
6.820000000000000000e+02,7.000000000000000000e+01,5.212599999999999767e+01,5.000000000000000000e+01
6.830000000000000000e+02,7.000000000000000000e+01,5.196500000000000341e+01,5.000000000000000000e+01
6.840000000000000000e+02,7.000000000000000000e+01,5.183599999999999852e+01,5.000000000000000000e+01
6.850000000000000000e+02,7.000000000000000000e+01,5.225500000000000256e+01,5.000000000000000000e+01
6.860000000000000000e+02,7.000000000000000000e+01,5.228699999999999903e+01,5.000000000000000000e+01
6.870000000000000000e+02,7.000000000000000000e+01,5.225500000000000256e+01,5.000000000000000000e+01
6.880000000000000000e+02,7.000000000000000000e+01,5.206199999999999761e+01,5.000000000000000000e+01
6.890000000000000000e+02,7.000000000000000000e+01,5.202900000000000347e+01,5.000000000000000000e+01
6.900000000000000000e+02,7.000000000000000000e+01,5.209400000000000119e+01,5.000000000000000000e+01
6.910000000000000000e+02,7.000000000000000000e+01,5.238400000000000034e+01,5.000000000000000000e+01
6.920000000000000000e+02,7.000000000000000000e+01,5.228699999999999903e+01,5.000000000000000000e+01
6.930000000000000000e+02,7.000000000000000000e+01,5.231900000000000261e+01,5.000000000000000000e+01
6.940000000000000000e+02,7.000000000000000000e+01,5.206199999999999761e+01,5.000000000000000000e+01
6.950000000000000000e+02,7.000000000000000000e+01,5.202900000000000347e+01,5.000000000000000000e+01
6.960000000000000000e+02,7.000000000000000000e+01,5.212599999999999767e+01,5.000000000000000000e+01
6.970000000000000000e+02,7.000000000000000000e+01,5.196500000000000341e+01,5.000000000000000000e+01
6.980000000000000000e+02,7.000000000000000000e+01,5.215800000000000125e+01,5.000000000000000000e+01
6.990000000000000000e+02,7.000000000000000000e+01,5.225500000000000256e+01,5.000000000000000000e+01
7.000000000000000000e+02,7.000000000000000000e+01,5.231900000000000261e+01,5.000000000000000000e+01
7.010000000000000000e+02,7.000000000000000000e+01,5.241599999999999682e+01,5.000000000000000000e+01
7.020000000000000000e+02,7.000000000000000000e+01,5.209400000000000119e+01,5.000000000000000000e+01
7.030000000000000000e+02,7.000000000000000000e+01,5.202900000000000347e+01,5.000000000000000000e+01
7.040000000000000000e+02,7.000000000000000000e+01,5.222299999999999898e+01,5.000000000000000000e+01
7.050000000000000000e+02,7.000000000000000000e+01,5.222299999999999898e+01,5.000000000000000000e+01
7.060000000000000000e+02,7.000000000000000000e+01,5.238400000000000034e+01,5.000000000000000000e+01
7.070000000000000000e+02,7.000000000000000000e+01,5.209400000000000119e+01,5.000000000000000000e+01
7.080000000000000000e+02,7.000000000000000000e+01,5.215800000000000125e+01,5.000000000000000000e+01
7.090000000000000000e+02,7.000000000000000000e+01,5.228699999999999903e+01,5.000000000000000000e+01
7.100000000000000000e+02,7.000000000000000000e+01,5.238400000000000034e+01,5.000000000000000000e+01
7.110000000000000000e+02,7.000000000000000000e+01,5.238400000000000034e+01,5.000000000000000000e+01
7.120000000000000000e+02,7.000000000000000000e+01,5.189999999999999858e+01,5.000000000000000000e+01
7.130000000000000000e+02,7.000000000000000000e+01,5.228699999999999903e+01,5.000000000000000000e+01
7.140000000000000000e+02,7.000000000000000000e+01,5.218999999999999773e+01,5.000000000000000000e+01
7.150000000000000000e+02,7.000000000000000000e+01,5.251299999999999812e+01,5.000000000000000000e+01
7.160000000000000000e+02,7.000000000000000000e+01,5.225500000000000256e+01,5.000000000000000000e+01
7.170000000000000000e+02,7.000000000000000000e+01,5.225500000000000256e+01,5.000000000000000000e+01
7.180000000000000000e+02,7.000000000000000000e+01,5.228699999999999903e+01,5.000000000000000000e+01
7.190000000000000000e+02,7.000000000000000000e+01,5.254500000000000171e+01,5.000000000000000000e+01
7.200000000000000000e+02,7.000000000000000000e+01,5.257699999999999818e+01,5.000000000000000000e+01
7.210000000000000000e+02,7.000000000000000000e+01,5.257699999999999818e+01,5.000000000000000000e+01
7.220000000000000000e+02,7.000000000000000000e+01,5.222299999999999898e+01,5.000000000000000000e+01
7.230000000000000000e+02,7.000000000000000000e+01,5.241599999999999682e+01,5.000000000000000000e+01
7.240000000000000000e+02,7.000000000000000000e+01,5.244800000000000040e+01,5.000000000000000000e+01
7.250000000000000000e+02,7.000000000000000000e+01,5.218999999999999773e+01,5.000000000000000000e+01
7.260000000000000000e+02,7.000000000000000000e+01,5.247999999999999687e+01,5.000000000000000000e+01
7.270000000000000000e+02,7.000000000000000000e+01,5.244800000000000040e+01,5.000000000000000000e+01
7.280000000000000000e+02,7.000000000000000000e+01,5.257699999999999818e+01,5.000000000000000000e+01
7.290000000000000000e+02,7.000000000000000000e+01,5.218999999999999773e+01,5.000000000000000000e+01
7.300000000000000000e+02,7.000000000000000000e+01,5.225500000000000256e+01,5.000000000000000000e+01
7.310000000000000000e+02,7.000000000000000000e+01,5.273799999999999955e+01,5.000000000000000000e+01
7.320000000000000000e+02,7.000000000000000000e+01,5.244800000000000040e+01,5.000000000000000000e+01
7.330000000000000000e+02,7.000000000000000000e+01,5.212599999999999767e+01,5.000000000000000000e+01
7.340000000000000000e+02,7.000000000000000000e+01,5.247999999999999687e+01,5.000000000000000000e+01
7.350000000000000000e+02,7.000000000000000000e+01,5.254500000000000171e+01,5.000000000000000000e+01
7.360000000000000000e+02,7.000000000000000000e+01,5.231900000000000261e+01,5.000000000000000000e+01
7.370000000000000000e+02,7.000000000000000000e+01,5.225500000000000256e+01,5.000000000000000000e+01
7.380000000000000000e+02,7.000000000000000000e+01,5.260900000000000176e+01,5.000000000000000000e+01
7.390000000000000000e+02,7.000000000000000000e+01,5.235199999999999676e+01,5.000000000000000000e+01
7.400000000000000000e+02,7.000000000000000000e+01,5.209400000000000119e+01,5.000000000000000000e+01
7.410000000000000000e+02,7.000000000000000000e+01,5.228699999999999903e+01,5.000000000000000000e+01
7.420000000000000000e+02,7.000000000000000000e+01,5.260900000000000176e+01,5.000000000000000000e+01
7.430000000000000000e+02,7.000000000000000000e+01,5.218999999999999773e+01,5.000000000000000000e+01
7.440000000000000000e+02,7.000000000000000000e+01,5.209400000000000119e+01,5.000000000000000000e+01
7.450000000000000000e+02,7.000000000000000000e+01,5.257699999999999818e+01,5.000000000000000000e+01
7.460000000000000000e+02,7.000000000000000000e+01,5.238400000000000034e+01,5.000000000000000000e+01
7.470000000000000000e+02,7.000000000000000000e+01,5.212599999999999767e+01,5.000000000000000000e+01
7.480000000000000000e+02,7.000000000000000000e+01,5.238400000000000034e+01,5.000000000000000000e+01
7.490000000000000000e+02,7.000000000000000000e+01,5.228699999999999903e+01,5.000000000000000000e+01
7.500000000000000000e+02,7.000000000000000000e+01,5.215800000000000125e+01,5.000000000000000000e+01
7.510000000000000000e+02,7.000000000000000000e+01,5.241599999999999682e+01,5.000000000000000000e+01
7.520000000000000000e+02,7.000000000000000000e+01,5.254500000000000171e+01,5.000000000000000000e+01
7.530000000000000000e+02,7.000000000000000000e+01,5.244800000000000040e+01,5.000000000000000000e+01
7.540000000000000000e+02,7.000000000000000000e+01,5.247999999999999687e+01,5.000000000000000000e+01
7.550000000000000000e+02,7.000000000000000000e+01,5.244800000000000040e+01,5.000000000000000000e+01
7.560000000000000000e+02,7.000000000000000000e+01,5.241599999999999682e+01,5.000000000000000000e+01
7.570000000000000000e+02,7.000000000000000000e+01,5.215800000000000125e+01,5.000000000000000000e+01
7.580000000000000000e+02,7.000000000000000000e+01,5.235199999999999676e+01,5.000000000000000000e+01
7.590000000000000000e+02,7.000000000000000000e+01,5.235199999999999676e+01,5.000000000000000000e+01
7.600000000000000000e+02,7.000000000000000000e+01,5.225500000000000256e+01,5.000000000000000000e+01
7.610000000000000000e+02,7.000000000000000000e+01,5.241599999999999682e+01,5.000000000000000000e+01
7.620000000000000000e+02,7.000000000000000000e+01,5.244800000000000040e+01,5.000000000000000000e+01
7.630000000000000000e+02,7.000000000000000000e+01,5.202900000000000347e+01,5.000000000000000000e+01
7.640000000000000000e+02,7.000000000000000000e+01,5.218999999999999773e+01,5.000000000000000000e+01
7.650000000000000000e+02,7.000000000000000000e+01,5.231900000000000261e+01,5.000000000000000000e+01
7.660000000000000000e+02,7.000000000000000000e+01,5.222299999999999898e+01,5.000000000000000000e+01
7.670000000000000000e+02,7.000000000000000000e+01,5.222299999999999898e+01,5.000000000000000000e+01
7.680000000000000000e+02,7.000000000000000000e+01,5.209400000000000119e+01,5.000000000000000000e+01
7.690000000000000000e+02,7.000000000000000000e+01,5.228699999999999903e+01,5.000000000000000000e+01
7.700000000000000000e+02,7.000000000000000000e+01,5.222299999999999898e+01,5.000000000000000000e+01
7.710000000000000000e+02,7.000000000000000000e+01,5.202900000000000347e+01,5.000000000000000000e+01
7.720000000000000000e+02,7.000000000000000000e+01,5.215800000000000125e+01,5.000000000000000000e+01
7.730000000000000000e+02,7.000000000000000000e+01,5.218999999999999773e+01,5.000000000000000000e+01
7.740000000000000000e+02,7.000000000000000000e+01,5.212599999999999767e+01,5.000000000000000000e+01
7.750000000000000000e+02,7.000000000000000000e+01,5.206199999999999761e+01,5.000000000000000000e+01
7.760000000000000000e+02,7.000000000000000000e+01,5.225500000000000256e+01,5.000000000000000000e+01
7.770000000000000000e+02,7.000000000000000000e+01,5.235199999999999676e+01,5.000000000000000000e+01
7.780000000000000000e+02,7.000000000000000000e+01,5.212599999999999767e+01,5.000000000000000000e+01
7.790000000000000000e+02,7.000000000000000000e+01,5.209400000000000119e+01,5.000000000000000000e+01
